=== THE TEN RECEIVERS, 160 stored bins, degrees ===
                                       mean      max    >2deg     bias
OLD sheet vs DIRECTIONAL truth        11.90    74.26    95.0%    +8.59
NEW sheet vs DIRECTIONAL truth         8.15    67.71    78.8%    +0.87
OLD sheet vs SECTOR-MAX truth          8.51    67.77    81.9%    +1.62
NEW sheet vs SECTOR-MAX truth         10.13    53.24    78.1%    -6.10

=== LOW1  LOW  (26000, -45072)
    bin      0      1      2      3      4      5      6      7      8      9     10     11     12     13     14     15
TRUEdir   24.4   53.0   60.2   66.4   68.0   69.4   63.8   53.1   33.1   30.3   42.5   23.3   71.4   70.0   64.6   39.0
    OLD   30.7   62.8   58.9   59.6   72.0   72.0   65.6   63.5   45.9   34.9   49.4   71.6   71.6   72.7   72.7   63.5
    NEW   28.6   54.7   54.0   56.5   70.6   70.6   61.4   59.6   47.6   27.2   48.7   72.7   72.7   73.8   68.1   55.8
    TER   10.6   13.0   16.6   16.7   15.5   15.9   16.2   11.4    5.1    5.2   10.3    7.1    4.8    5.5    7.4    8.6
        mean |OLD-TRUEdir|  9.46 -> |NEW-TRUEdir|  8.34   bias +8.45 -> +5.63
=== LOW2  LOW  (23312, -44304)
    bin      0      1      2      3      4      5      6      7      8      9     10     11     12     13     14     15
TRUEdir   15.4   21.2   44.0   53.9   56.0   53.9   59.3   65.5   67.2   27.7   42.0   50.0   60.7   58.7   51.6   54.9
    OLD   64.6   29.6   57.9   56.8   53.3   48.7   61.1   69.5   67.1   31.1   55.1   58.2   55.1   64.9   55.1   68.8
    NEW   19.4   19.4   27.9   51.5   48.7   33.9   46.2   68.5   66.7   30.4   45.5   55.8   57.2   57.2   41.3   64.6
    TER    9.9    9.3    8.8    7.6    7.4    5.3    6.6    5.0    3.7    6.0    6.1    5.8    6.5    7.9    8.5    9.7
        mean |OLD-TRUEdir|  8.89 -> |NEW-TRUEdir|  6.57   bias +7.18 -> -2.99
=== LOW3  LOW  (21904, -44176)
    bin      0      1      2      3      4      5      6      7      8      9     10     11     12     13     14     15
TRUEdir   51.6   49.1   52.3   38.4   49.1   46.9   63.9   55.7   57.8   77.7   74.1   66.4   68.0   66.4   60.2   49.6
    OLD   58.6   64.6   60.0   46.9   52.2   52.2   66.7   66.7   62.1   62.1   66.0   73.8   72.7   72.0   62.5   58.6
    NEW   60.4   53.3   55.1   42.0   54.0   46.6   68.1   64.9   60.4   60.4   62.1   72.7   67.1   65.3   57.9   60.4
    TER   15.7   15.7   15.4   13.7   11.3    8.0    4.6    2.3    5.3    6.6    6.4    6.9    8.1   10.3   12.3   14.5
        mean |OLD-TRUEdir|  7.38 -> |NEW-TRUEdir|  5.71   bias +4.42 -> +1.46
=== FLAT1 FLAT (27152, -41104)
    bin      0      1      2      3      4      5      6      7      8      9     10     11     12     13     14     15
TRUEdir   14.4   20.2    5.8    9.2   10.6    6.5   26.3   29.2   24.5   19.9   51.8   59.0   60.9   34.3   20.5    8.6
    OLD   21.5   30.4   30.4   13.4   16.6   14.8   33.9   35.6   35.6   25.1   64.6   59.3   44.5   33.2   22.9   26.1
    NEW   12.4   18.7   24.4    9.2   12.7    8.1   27.5   32.5   31.4   24.4   60.0   56.5   46.9   36.4   21.2   19.1
    TER    6.9    5.5    3.2    1.7    1.5    5.2    5.7    6.1    7.0    5.2    8.1    7.9    4.5    4.3    4.3    3.9
        mean |OLD-TRUEdir|  8.84 -> |NEW-TRUEdir|  4.98   bias +6.65 -> +2.48
=== FLAT2 FLAT (27408, -38160)
    bin      0      1      2      3      4      5      6      7      8      9     10     11     12     13     14     15
TRUEdir   26.5   21.9   14.1   64.6   15.2    9.7   13.9   12.3   10.6   29.4   24.1   21.3   18.5   16.4    7.2   23.1
    OLD   30.7   25.1   18.4   64.9   59.6   18.0   16.2   29.6   29.6   39.9   50.1   25.8   22.9   22.9   21.9   33.9
    NEW   27.2   18.7    8.8   44.8   37.1   15.9   13.8    7.4   20.1   17.6   41.3   21.5   16.9   15.9   12.7   28.6
    TER    1.8    0.8    0.2    1.7    1.9    2.0    3.2    2.7    3.1    4.8    4.0    4.2    3.4    3.1    2.6    2.0
        mean |OLD-TRUEdir| 11.31 -> |NEW-TRUEdir|  7.10   bias +11.31 -> +1.23
=== FLAT3 FLAT (23824, -42000)
    bin      0      1      2      3      4      5      6      7      8      9     10     11     12     13     14     15
TRUEdir    7.8   33.7   51.4   53.4   60.1   58.1   22.2   30.2    8.4   27.5   38.5   32.2   40.8   38.6   51.4   40.5
    OLD   27.2   39.5   39.9   60.4   54.4   64.6   31.4   32.5   21.5   32.8   47.3   48.7   47.6   45.2   58.9   56.5
    NEW    9.5   28.2   38.1   52.2   49.1   60.0   24.7   30.0   14.1   28.2   39.9   42.7   39.5   37.1   51.2   58.2
    TER    5.8    8.4    8.1    3.4    2.8    4.3    2.6    2.3    2.2    5.0    4.2    4.2    4.0    4.0    5.2    6.4
        mean |OLD-TRUEdir|  9.24 -> |NEW-TRUEdir|  4.78   bias +7.08 -> +0.49
=== ST1   ST   (26384, -38544)
    bin      0      1      2      3      4      5      6      7      8      9     10     11     12     13     14     15
TRUEdir    9.0   31.0    9.9   35.5   12.3    8.8   50.8   45.8   48.1   45.8   38.2   30.4   33.6   18.4   16.1   20.5
    OLD   21.9   41.3   17.6   41.3   30.4   61.4   61.4   50.5   42.4   42.4   34.2   45.5   36.0   23.3   21.9   28.6
    NEW   18.4   33.5   10.9   30.4   30.4   20.5   53.6   40.2   40.2   40.2   28.6   36.7   28.6   20.8   15.5   23.6
    TER    2.8    2.4    1.7    1.1    1.6    3.0    3.3    4.4    3.2    4.9    4.3    7.0    4.7    3.3    3.3    2.9
        mean |OLD-TRUEdir| 10.76 -> |NEW-TRUEdir|  6.05   bias +9.11 -> +1.13
=== ST2   ST   (25872, -39184)
    bin      0      1      2      3      4      5      6      7      8      9     10     11     12     13     14     15
TRUEdir   12.8   19.0   35.5   43.0   39.2    7.7   21.4   42.1   44.3   49.7   45.4   32.6   55.5   53.4   45.8   11.9
    OLD   20.1   30.0   31.1   45.5   49.4   16.9   24.4   63.2   63.2   63.2   63.2   65.3   65.3   65.3   55.4   55.4
    NEW   12.7   21.2   29.6   43.4   40.6    9.9    5.3   46.6   46.9   54.0   46.6   35.6   63.9   57.2   48.7   20.1
    TER    1.4    0.8    0.2    1.0    1.9    1.9    2.8    5.2   11.1   10.4    8.0    6.5    9.2    5.4    3.3    2.1
        mean |OLD-TRUEdir| 14.16 -> |NEW-TRUEdir|  4.20   bias +13.60 -> +1.45
=== FOOT1 FOOT (22160, -39696)
    bin      0      1      2      3      4      5      6      7      8      9     10     11     12     13     14     15
TRUEdir   87.9   87.8   87.1   84.6   57.6   53.9   80.3   82.6   83.1   82.6   80.3   74.3   75.7   84.6   87.1   87.8
    OLD   81.2   81.2   81.2   81.2   81.2   81.2   73.8   76.2   75.2   66.4   63.2   81.2   81.2   81.2   81.2   81.2
    NEW   80.1   80.1   80.1   80.1   22.6   49.4   70.6   77.3   72.4   68.5   51.5   62.5   63.9   80.1   80.1   80.1
    TER   62.3   62.4   62.3   61.2   59.1   55.8   51.7   47.0   43.1   40.8   41.8   45.1   50.0   54.8   59.0   61.2
        mean |OLD-TRUEdir|  9.74 -> |NEW-TRUEdir| 11.11   bias -1.84 -> -11.11
=== FOOT2 FOOT (25616, -41232)
    bin      0      1      2      3      4      5      6      7      8      9     10     11     12     13     14     15
TRUEdir   42.1   39.9   32.6    3.4    8.5   16.1   45.5   53.0   55.2   32.5   27.5   69.5   88.7   88.6   88.2   86.7
    OLD   55.1   43.4   77.6   77.6   77.6   77.6   78.7   73.4   64.9   45.9   70.6   75.9   73.1   69.5   70.9   64.6
    NEW   49.8   27.9   19.4   60.7   76.2   72.7   69.9   72.4   66.7   37.1   16.6   73.1   74.1   70.2   72.4   61.4
    TER    9.5    3.6    3.9    4.1    7.2   10.2   10.1    9.1    3.8    5.0    4.4    6.5   10.8   12.2    8.7    9.5
        mean |OLD-TRUEdir| 29.17 -> |NEW-TRUEdir| 22.67   bias +19.91 -> +8.91

CONTROL  the shipped C++ vs the Python candidate it was written from:
         |C++ - candidate| over 576 texels x 2 azimuths: mean 2.325 deg, max 35.048 deg (one stored step is 0.353 deg)

=== THE LIT QUESTION over 576 real texels of chunk 4.4.-12 ===
sun              TRUE     OLD     REF     NEW    balanced agreement with TRUE
az 120 el  5      3.8%    0.0%    0.0%    0.2%    old  50.0%  ref  50.0%  NEW  52.3%
az 120 el 15     10.8%    1.2%    5.6%    5.4%    old  55.6%  ref  68.6%  NEW  70.5%
az 120 el 30     22.7%   12.3%   17.7%   20.7%    old  70.2%  ref  75.6%  NEW  77.1%
az 120 el 60     52.6%   36.1%   38.7%   47.2%    old  75.3%  ref  75.7%  NEW  75.4%
  az 120 elevation deg: TRUE  54.5 | OLD  63.7 (err 16.55 bias +9.27) | NEW  56.8 (err 15.61 bias +2.33)
az 240 el  5      2.8%    0.0%    0.0%    0.0%    old  50.0%  ref  50.0%  NEW  50.0%
az 240 el 15     10.2%    0.0%    3.8%    3.3%    old  50.0%  ref  62.0%  NEW  59.5%
az 240 el 30     23.6%    7.3%   15.5%   17.5%    old  63.5%  ref  70.7%  NEW  73.7%
az 240 el 60     52.4%   35.6%   37.7%   49.5%    old  71.8%  ref  71.3%  NEW  72.8%
  az 240 elevation deg: TRUE  53.5 | OLD  64.9 (err 17.07 bias +11.40) | NEW  56.6 (err 15.04 bias +3.16)

WORST balanced agreement with the third witness: old 50.0% -> new 50.0%
