lattice 2240 x 2240 squares of 128 u, 13 mips; object squares raised 24729
CONTROL reference_elev scalar 25.2935 vs vectorised 25.2935  (must match)
LOW1   ( 26000, -45072) done 0s
LOW2   ( 23312, -44304) done 1s
LOW3   ( 21904, -44176) done 1s
FLAT1  ( 27152, -41104) done 2s
FLAT2  ( 27408, -38160) done 2s
FLAT3  ( 23824, -42000) done 2s
ST1    ( 26384, -38544) done 3s
ST2    ( 25872, -39184) done 3s
FOOT1  ( 22160, -39696) done 4s
FOOT2  ( 25616, -41232) done 4s

=== LOW1  LOW  (26000, -45072)  lattice ground 525.0  true ground 530.1  (texel 308,392,0,0)
  bin      0      1      2      3      4      5      6      7      8      9     10     11     12     13     14     15
 TRUE   43.4   54.0   64.0   67.5   70.8   70.4   67.2   53.9   52.1   39.7   44.5   71.0   71.4   71.0   67.9   58.3
TRUEX   43.4   54.0   64.0   67.5   70.8   70.4   67.2   53.9   52.1   39.7   44.5   71.0   71.4   71.0   67.9   58.3
  TER   10.6   13.0   16.6   16.7   15.5   15.9   16.2   11.4    5.1    5.2   10.3    7.1    4.8    5.5    7.4    8.6
STORED   30.7   62.8   58.9   59.6   72.0   72.0   65.6   63.5   45.9   34.9   49.4   71.6   71.6   72.7   72.7   63.5
 PORT   30.7   62.7   59.0   59.8   71.9   71.9   65.8   63.5   45.9   35.1   49.6   71.6   71.6   72.5   72.5   63.5
  REF   25.3   54.0   57.0   75.5   75.5   75.5   73.2   66.5   56.8   37.8   69.2   72.2   72.2   73.1   70.2   62.6
  inside 0 box footprints ; STORED-TRUE mean +0.0 max +9.6 ; STORED-TRUEX mean +0.0 max +9.6 ; CONTROL |STORED-PORT| max 0.17 deg

=== LOW2  LOW  (23312, -44304)  lattice ground 527.9  true ground 534.1  (texel 224,368,0,0)
  bin      0      1      2      3      4      5      6      7      8      9     10     11     12     13     14     15
 TRUE   56.9   27.6   50.9   55.4   56.0   55.4   63.1   66.7   67.2   34.7   46.5   51.6   60.7   60.2   55.9   56.5
TRUEX   56.9   27.6   50.9   55.4   56.0   55.4   63.1   66.7   67.2   34.7   46.5   51.6   60.7   60.2   55.9   56.5
  TER    9.9    9.3    8.8    7.6    7.4    5.3    6.6    5.0    3.7    6.0    6.1    5.8    6.5    7.9    8.5    9.7
STORED   64.6   29.6   57.9   56.8   53.3   48.7   61.1   69.5   67.1   31.1   55.1   58.2   55.1   64.9   55.1   68.8
 PORT   64.6   29.6   58.0   56.7   53.4   48.9   61.0   69.7   67.1   31.0   54.9   58.4   55.2   65.1   55.2   68.6
  REF   62.8   26.0   51.1   52.4   51.1   64.0   71.2   73.7   71.5   71.5   53.5   56.1   56.1   63.9   63.9   62.8
  inside 0 box footprints ; STORED-TRUE mean +2.0 max +12.4 ; STORED-TRUEX mean +2.0 max +12.4 ; CONTROL |STORED-PORT| max 0.18 deg

=== LOW3  LOW  (21904, -44176)  lattice ground 583.1  true ground 590.9  (texel 180,364,0,0)
  bin      0      1      2      3      4      5      6      7      8      9     10     11     12     13     14     15
 TRUE   51.6   51.1   54.9   48.5   49.1   57.5   66.0   63.2   69.1   77.9   76.3   69.7   68.0   67.5   64.0   53.4
TRUEX   51.6   51.1   54.9   48.5   49.1   57.5   66.0   63.2   69.1   77.9   76.3   69.7   68.0   67.5   64.0   53.4
  TER   15.7   15.7   15.4   13.7   11.3    8.0    4.6    2.3    5.3    6.6    6.4    6.9    8.1   10.3   12.3   14.5
STORED   58.6   64.6   60.0   46.9   52.2   52.2   66.7   66.7   62.1   62.1   66.0   73.8   72.7   72.0   62.5   58.6
 PORT   58.7   64.7   60.0   46.9   52.1   52.1   66.8   66.8   62.1   62.1   65.9   73.6   72.7   71.9   62.6   58.7
  REF   59.5   59.5   55.2   55.7   55.7   69.4   73.3   69.4   67.3   67.3   68.4   71.7   71.7   66.7   60.6   59.5
  inside 0 box footprints ; STORED-TRUE mean +0.6 max +13.4 ; STORED-TRUEX mean +0.6 max +13.4 ; CONTROL |STORED-PORT| max 0.17 deg

=== FLAT1 FLAT (27152, -41104)  lattice ground 680.0  true ground 680.0  (texel 344,268,0,0)
  bin      0      1      2      3      4      5      6      7      8      9     10     11     12     13     14     15
 TRUE   21.7   21.0   12.1   12.3   13.5   16.9   28.5   30.7   31.1   44.4   56.1   60.4   60.9   35.8   30.7   21.4
TRUEX   21.7   21.0   12.1   12.3   13.5   16.9   28.5   30.7   31.1   44.4   56.1   60.4   60.9   35.8   30.7   21.4
  TER    6.9    5.5    3.2    1.7    1.5    5.2    5.7    6.1    7.0    5.2    8.1    7.9    4.5    4.3    4.3    3.9
STORED   21.5   30.4   30.4   13.4   16.6   14.8   33.9   35.6   35.6   25.1   64.6   59.3   44.5   33.2   22.9   26.1
 PORT   21.4   30.3   30.3   13.3   16.7   14.7   33.7   35.8   35.8   25.0   64.4   59.4   44.3   33.1   22.0   26.2
  REF   20.3   23.0   24.5   11.9   12.5   19.6   26.3   27.8   28.5   51.4   57.8   56.7   56.7   40.3   20.1   20.3
  inside 0 box footprints ; STORED-TRUE mean +0.7 max +18.3 ; STORED-TRUEX mean +0.7 max +18.3 ; CONTROL |STORED-PORT| max 0.97 deg

=== FLAT2 FLAT (27408, -38160)  lattice ground 689.9  true ground 688.0  (texel 352,176,0,0)
  bin      0      1      2      3      4      5      6      7      8      9     10     11     12     13     14     15
 TRUE   39.4   21.9   62.1   65.8   66.1   15.9   15.3   25.3   25.8   38.1   39.8   21.5   21.9   16.8   15.8   39.3
TRUEX   39.4   21.9   62.1   65.8   66.1   15.9   15.3   25.3   25.8   38.1   39.8   21.5   21.9   16.8   15.8   39.3
  TER    1.8    0.8    0.2    1.7    1.9    2.0    3.2    2.7    3.1    4.8    4.0    4.2    3.4    3.1    2.6    2.0
STORED   30.7   25.1   18.4   64.9   59.6   18.0   16.2   29.6   29.6   39.9   50.1   25.8   22.9   22.9   21.9   33.9
 PORT   30.8   25.1   18.3   64.8   59.6   18.1   16.2   29.5   29.5   39.7   50.2   25.9   23.1   22.7   21.7   34.0
  REF   40.1   22.3   37.5   58.8   58.8   33.8   13.8   28.3   26.6   40.4   41.7   21.7   17.7   15.5   20.6   40.1
  inside 0 box footprints ; STORED-TRUE mean -1.3 max +10.3 ; STORED-TRUEX mean -1.3 max +10.3 ; CONTROL |STORED-PORT| max 0.29 deg

=== FLAT3 FLAT (23824, -42000)  lattice ground 670.9  true ground 672.0  (texel 240,296,0,0)
  bin      0      1      2      3      4      5      6      7      8      9     10     11     12     13     14     15
 TRUE   32.9   43.5   55.8   59.5   60.1   59.5   55.2   31.7   31.8   27.4   42.7   41.8   40.8   44.0   53.0   47.8
TRUEX   32.9   43.5   55.8   59.5   60.1   59.5   55.2   31.7   31.8   27.4   42.7   41.8   40.8   44.0   53.0   47.8
  TER    5.8    8.4    8.1    3.4    2.8    4.3    2.6    2.3    2.2    5.0    4.2    4.2    4.0    4.0    5.2    6.4
STORED   27.2   39.5   39.9   60.4   54.4   64.6   31.4   32.5   21.5   32.8   47.3   48.7   47.6   45.2   58.9   56.5
 PORT   24.2   39.5   39.8   60.2   54.2   64.6   31.4   32.3   21.6   32.7   47.5   48.8   47.8   45.2   58.8   56.4
  REF   52.8   34.3   49.3   49.6   59.7   59.7   54.7   28.0   28.0   34.1   45.9   45.9   40.3   45.2   52.9   57.3
  inside 0 box footprints ; STORED-TRUE mean -1.2 max +8.7 ; STORED-TRUEX mean -1.2 max +8.7 ; CONTROL |STORED-PORT| max 3.02 deg

=== ST1   ST   (26384, -38544)  lattice ground 680.0  true ground 680.0  (texel 320,188,0,0)
  bin      0      1      2      3      4      5      6      7      8      9     10     11     12     13     14     15
 TRUE   17.1   31.6   16.2   36.6   12.3   53.7   54.9   48.4   48.1   47.5   42.7   33.0   33.6   24.6   19.2   20.7
TRUEX   17.1   31.6   16.2   36.6   12.3   53.7   54.9   48.4   48.1   47.5   42.7   33.0   33.6   24.6   19.2   20.7
  TER    2.8    2.4    1.7    1.1    1.6    3.0    3.3    4.4    3.2    4.9    4.3    7.0    4.7    3.3    3.3    2.9
STORED   21.9   41.3   17.6   41.3   30.4   61.4   61.4   50.5   42.4   42.4   34.2   45.5   36.0   23.3   21.9   28.6
 PORT   21.8   41.5   17.6   41.2   30.3   61.3   61.3   50.5   42.3   42.3   34.1   45.5   35.9   23.5   21.7   28.6
  REF   18.7   32.2   15.8   33.2   28.0   60.0   60.0   49.0   49.0   49.0   44.6   37.0   37.0   20.8   17.7   20.8
  inside 0 box footprints ; STORED-TRUE mean +3.7 max +18.1 ; STORED-TRUEX mean +3.7 max +18.1 ; CONTROL |STORED-PORT| max 0.17 deg

=== ST2   ST   (25872, -39184)  lattice ground 706.9  true ground 685.1  (texel 304,208,0,0)
  bin      0      1      2      3      4      5      6      7      8      9     10     11     12     13     14     15
 TRUE   15.7   28.8   39.9   43.9   39.2   15.8   39.0   43.7   44.3   52.4   49.9   54.9   55.5   54.9   50.3   15.9
TRUEX   15.7   28.8   39.9   43.9   39.2   15.8   39.0   43.7   44.3   52.4   49.9   54.9   55.5   54.9   50.3   15.9
  TER    1.4    0.8    0.2    1.0    1.9    1.9    2.8    5.2   11.1   10.4    8.0    6.5    9.2    5.4    3.3    2.1
STORED   20.1   30.0   31.1   45.5   49.4   16.9   24.4   63.2   63.2   63.2   63.2   65.3   65.3   65.3   55.4   55.4
 PORT   16.4   29.9   31.1   45.4   49.3   16.9   24.5   63.1   63.1   63.1   63.1   65.3   65.3   65.3   55.4   55.4
  REF   14.9   34.5   47.7   52.0   52.0   52.0   42.4   59.0   59.0   59.0   64.2   67.0   67.0   67.0   64.2   54.0
  inside 0 box footprints ; STORED-TRUE mean +8.3 max +39.6 ; STORED-TRUEX mean +8.3 max +39.6 ; CONTROL |STORED-PORT| max 3.67 deg

=== FOOT1 FOOT (22160, -39696)  lattice ground 826.5  true ground 875.0  (texel 188,224,0,0)
  bin      0      1      2      3      4      5      6      7      8      9     10     11     12     13     14     15
 TRUE   87.9   87.9   87.5   86.2   67.0   77.5   81.7   83.0   83.1   83.0   81.7   75.1   79.2   86.2   87.5   87.9
TRUEX   87.9   87.9   87.5   86.2   67.0   77.5   81.7   83.0   83.1   83.0   81.7   75.1   79.2   86.2   87.5   87.9
  TER   62.3   62.4   62.3   61.2   59.1   55.8   51.7   47.0   43.1   40.8   41.8   45.1   50.0   54.8   59.0   61.2
STORED   81.2   81.2   81.2   81.2   81.2   81.2   73.8   76.2   75.2   66.4   63.2   81.2   81.2   81.2   81.2   81.2
 PORT   81.1   81.1   81.1   81.1   81.1   81.1   73.9   76.3   75.1   66.4   63.1   81.1   81.1   81.1   81.1   81.1
  REF   79.4   79.4   79.4   79.4   79.4   79.4   75.6   77.9   77.9   66.1   56.3   79.4   79.4   79.4   79.4   79.4
  inside 0 box footprints ; STORED-TRUE mean -4.7 max +14.2 ; STORED-TRUEX mean -4.7 max +14.2 ; CONTROL |STORED-PORT| max 0.11 deg

=== FOOT2 FOOT (25616, -41232)  lattice ground 656.0  true ground 656.1  (texel 296,272,0,0)
  bin      0      1      2      3      4      5      6      7      8      9     10     11     12     13     14     15
 TRUE   89.9   89.9   89.9   89.9   89.9   89.9   89.9   89.9   89.9   89.9   89.9   89.9   89.9   89.9   89.9   89.9
TRUEX   83.3   41.5   36.8    9.9   33.0   38.1   50.0   54.6   55.2   54.6   67.4   88.7   88.7   88.7   88.5   87.6
  TER    9.5    3.6    3.9    4.1    7.2   10.2   10.1    9.1    3.8    5.0    4.4    6.5   10.8   12.2    8.7    9.5
STORED   55.1   43.4   77.6   77.6   77.6   77.6   78.7   73.4   64.9   45.9   70.6   75.9   73.1   69.5   70.9   64.6
 PORT   55.2   43.3   77.6   77.6   77.6   77.6   78.8   73.4   65.1   45.9   70.4   75.8   73.1   69.5   71.1   64.5
  REF   47.5   47.5   75.4   75.4   75.4   76.8   76.7   76.7   72.5   67.8   67.9   73.7   73.7   73.7   73.3   70.2
  inside 1 box footprints ; STORED-TRUE mean -21.4 max -11.2 ; STORED-TRUEX mean +8.1 max +67.8 ; CONTROL |STORED-PORT| max 0.17 deg

=== SUMMARY over the ten receivers x 16 bins (degrees) ===
CONTROL  |STORED - PORT|            mean  0.14  max  3.67   (the port reads the shipped bake)
SHEET  |STORED - TRUE|        mean  8.51  max 67.77  over 2 deg 81.9%  over 10 deg 24.4%
REFER  |REF    - TRUE|        mean  8.19  max 65.53  over 2 deg 73.8%  over 10 deg 24.4%
SHEET vs REFERENCE                  mean  5.59  max 40.46
terrain alone (TER) mean 10.86 deg, max 62.43 -- the sky the LAND leaves is not the sheet
bins where the SHEET stands OVER the third witness: 48.8% ; UNDER: 33.1%
