   profile -12..+12 km: 89.1 89.3 89.7 89.6 89.2 87.6 84.2 82.0 80.3 78.1 76.4 75.4 74.6 74.3 74.3 74.0 73.3 72.7 72.9 73.1 72.7 72.9 72.4 71.8
   vanilla            : 75.0 74.9 75.9 75.3 75.1 75.1 75.2 75.3 76.1 76.5 76.8 76.2 75.4 75.0 75.1 74.8 73.9 73.1 73.4 74.0 73.5 73.8 73.0 72.4
whole_rule west_outline: outside |ours-V| 7.02 over 2106100 texels; dip 0.54; step 0.10; first km inside 76.5 (V 81.1), first km outside 76.6 (V 81.0) -> PASS
   profile -12..+12 km: 76.8 77.7 77.2 77.5 76.5 76.0 75.5 74.9 75.2 75.8 75.9 76.5 76.6 75.5 75.5 75.7 76.1 76.2 76.4 75.4 74.8 75.4 75.3 75.5
   vanilla            : 78.9 79.5 79.8 79.8 80.0 79.2 80.6 80.8 80.5 80.5 80.6 81.1 81.0 80.0 80.2 80.3 80.7 80.8 80.9 78.8 78.7 80.1 81.3 81.4
whole_rule: PASS (rule clauses: dip <= 1.0, step <= 2.0; outside = drift, reported)
whole_rule rc=0
   profile -12..+12 km: 89.1 89.3 89.6 89.5 89.3 89.2 87.4 87.4 88.2 87.1 81.4 75.4 68.1 68.2 68.8 70.0 71.3 72.7 74.5 76.4 77.3 78.2 77.9 77.5
   vanilla            : 75.0 74.9 75.9 75.3 75.1 75.1 75.2 75.3 76.1 76.5 76.8 76.2 75.4 75.0 75.1 74.8 73.9 73.1 73.4 74.0 73.5 73.8 73.0 72.4
whole_hybrid_law1 west_outline: outside |ours-V| 6.11 over 2106100 texels; dip 8.69; step 1.62; first km inside 69.5 (V 81.1), first km outside 67.9 (V 81.0) -> FAIL
   profile -12..+12 km: 76.8 77.7 77.2 77.5 76.6 76.0 75.2 74.3 74.7 75.8 74.7 69.5 67.9 68.4 69.2 70.9 73.0 75.5 77.9 79.0 80.4 82.0 83.0 83.1
   vanilla            : 78.9 79.5 79.8 79.8 80.0 79.2 80.6 80.8 80.5 80.5 80.6 81.1 81.0 80.0 80.2 80.3 80.7 80.8 80.9 78.8 78.7 80.1 81.3 81.4
whole_hybrid_law1: FAIL (rule clauses: dip <= 1.0, step <= 2.0; outside = drift, reported)
whole_hybrid_law1 rc=0
   profile -12..+12 km: 89.1 89.3 89.7 89.6 89.2 87.7 84.3 82.2 80.7 78.7 76.9 75.8 74.9 74.6 74.7 74.4 73.6 72.8 73.0 73.6 73.1 73.4 72.6 72.0
   vanilla            : 75.0 74.9 75.9 75.3 75.1 75.1 75.2 75.3 76.1 76.5 76.8 76.2 75.4 75.0 75.1 74.8 73.9 73.1 73.4 74.0 73.5 73.8 73.0 72.4
whole_off west_outline: outside |ours-V| 1.48 over 2106100 texels; dip 0.27; step 0.02; first km inside 80.5 (V 81.1), first km outside 80.5 (V 81.0) -> PASS
   profile -12..+12 km: 76.8 77.7 77.2 77.5 76.6 76.3 76.5 76.9 78.0 79.1 79.7 80.5 80.5 79.6 79.8 79.9 80.3 80.4 80.5 78.3 78.3 79.6 80.8 81.0
   vanilla            : 78.9 79.5 79.8 79.8 80.0 79.2 80.6 80.8 80.5 80.5 80.6 81.1 81.0 80.0 80.2 80.3 80.7 80.8 80.9 78.8 78.7 80.1 81.3 81.4
whole_off: PASS (rule clauses: dip <= 1.0, step <= 2.0; outside = drift, reported)
whole_off rc=0
