subject    thresh      IoU views card vanishes /24 card/mesh ink
blast_n4    0.063   0.5090                      0      1.51
blast_n4    0.120   0.5043                      0      1.30
blast_n4    0.200   0.5437                      0      1.11
blast_n4    0.300   0.5576                      0      0.84
blast_n4    0.450   0.4700                      0      0.56
blast_n8    0.063   0.6737                      0      1.27
blast_n8    0.120   0.6955                      0      1.19
blast_n8    0.200   0.7194                      0      1.08
blast_n8    0.300   0.7433                      0      0.92
blast_n8    0.450   0.7178                      0      0.79
maple_n4    0.063   0.3586                      0      1.88
maple_n4    0.120   0.3706                      0      1.45
maple_n4    0.200   0.3775                      0      1.00
maple_n4    0.300   0.3346                      0      0.62
maple_n4    0.450   0.2140                      0      0.29
dead_n4     0.063   0.5824                      0      1.19
dead_n4     0.120   0.5806                      0      1.04
dead_n4     0.200   0.6010                      0      0.90
dead_n4     0.300   0.5898                      0      0.73
dead_n4     0.450   0.4890                      0      0.54
rock_n4     0.063   0.7767                      0      1.06
rock_n4     0.120   0.7786                      0      1.03
rock_n4     0.200   0.7842                      0      0.98
rock_n4     0.300   0.7660                      0      0.85
rock_n4     0.450   0.7045                      0      0.73
