# E:/Projects/Fallout 4 Mods/mods/FO4CSLOD/FO4CSLOD/Commonwealth/Commonwealth.VT.2.lodt
# chunks read 2304 | flat (SD<2) 2019 | chunks with no vanilla dim-4 sheet 0
# flat chunks, SW cell x y, SD
-96 -96 0.61
-96 -92 0.61
-96 -88 0.61
-96 -84 0.61
-96 -80 0.61
-96 -76 0.61
-96 -72 0.61
-96 -68 0.61
-96 -64 0.61
-96 -60 0.61
-96 -56 0.61
-96 -52 0.61
-96 -48 0.61
-96 -44 0.61
-96 -40 0.61
-96 -36 0.61
-96 -32 0.61
-96 -28 0.61
-96 -24 0.61
-96 -20 0.61
-96 -16 0.61
-96 -12 0.61
-96 -8 0.61
-96 -4 0.61
-96 0 0.61
-96 4 0.61
-96 8 0.61
-96 12 0.61
-96 16 0.61
-96 20 0.61
-96 24 0.61
-96 28 0.61
-96 32 0.61
-96 36 0.61
-96 40 0.61
-96 44 0.61
-96 48 0.61
-96 52 0.61
-96 56 0.61
-96 60 0.61
-96 64 0.61
-96 68 0.61
-96 72 0.61
-96 76 0.61
-96 80 0.61
-96 84 0.61
-96 88 0.61
-96 92 0.61
-92 -96 0.61
-92 -92 0.61
-92 -88 0.61
-92 -84 0.61
-92 -80 0.61
-92 -76 0.61
-92 -72 0.61
-92 -68 0.61
-92 -64 0.61
-92 -60 0.61
-92 -56 0.61
-92 -52 0.61
-92 -48 0.61
-92 -44 0.61
-92 -40 0.61
-92 -36 0.61
-92 -32 0.61
-92 -28 0.61
-92 -24 0.61
-92 -20 0.61
-92 -16 0.61
-92 -12 0.61
-92 -8 0.61
-92 -4 0.61
-92 0 0.61
-92 4 0.61
-92 8 0.61
-92 12 0.61
-92 16 0.61
-92 20 0.61
-92 24 0.61
-92 28 0.61
-92 32 0.61
-92 36 0.61
-92 40 0.61
-92 44 0.61
-92 48 0.61
-92 52 0.61
-92 56 0.61
-92 60 0.61
-92 64 0.61
-92 68 0.61
-92 72 0.61
-92 76 0.61
-92 80 0.61
-92 84 0.61
-92 88 0.61
-92 92 0.61
-88 -96 0.61
-88 -92 0.61
-88 -88 0.61
-88 -84 0.61
-88 -80 0.61
-88 -76 0.61
-88 -72 0.61
-88 -68 0.61
-88 -64 0.61
-88 -60 0.61
-88 -56 0.61
-88 -52 0.61
-88 -48 0.61
-88 -44 0.61
-88 -40 0.61
-88 -36 0.61
-88 -32 0.61
-88 -28 0.61
-88 -24 0.61
-88 -20 0.61
-88 -16 0.61
-88 -12 0.61
-88 -8 0.61
-88 -4 0.61
-88 0 0.61
-88 4 0.61
-88 8 0.61
-88 12 0.61
-88 16 0.61
-88 20 0.61
-88 24 0.61
-88 28 0.61
-88 32 0.61
-88 36 0.61
-88 40 0.61
-88 44 0.61
-88 48 0.61
-88 52 0.61
-88 56 0.61
-88 60 0.61
-88 64 0.61
-88 68 0.61
-88 72 0.61
-88 76 0.61
-88 80 0.61
-88 84 0.61
-88 88 0.61
-88 92 0.61
-84 -96 0.61
-84 -92 0.61
-84 -88 0.61
-84 -84 0.61
-84 -80 0.61
-84 -76 0.61
-84 -72 0.61
-84 -68 0.61
-84 -64 0.61
-84 -60 0.61
-84 -56 0.61
-84 -52 0.61
-84 -48 0.61
-84 -44 0.61
-84 -40 0.61
-84 -36 0.61
-84 -32 0.61
-84 -28 0.61
-84 -24 0.61
-84 -20 0.61
-84 -16 0.61
-84 -12 0.61
-84 -8 0.61
-84 -4 0.61
-84 0 0.61
-84 4 0.61
-84 8 0.61
-84 12 0.61
-84 16 0.61
-84 20 0.61
-84 24 0.61
-84 28 0.61
-84 32 0.61
-84 36 0.61
-84 40 0.61
-84 44 0.61
-84 48 0.61
-84 52 0.61
-84 56 0.61
-84 60 0.61
-84 64 0.61
-84 68 0.61
-84 72 0.61
-84 76 0.61
-84 80 0.61
-84 84 0.61
-84 88 0.61
-84 92 0.61
-80 -96 0.61
-80 -92 0.61
-80 -88 0.61
-80 -84 0.61
-80 -80 0.61
-80 -76 0.61
-80 -72 0.61
-80 -68 0.61
-80 -64 0.61
-80 -60 0.61
-80 -56 0.61
-80 -52 0.61
-80 -48 0.61
-80 -44 0.61
-80 -40 0.61
-80 -36 0.61
-80 -32 0.61
-80 -28 0.61
-80 -24 0.61
-80 -20 0.61
-80 -16 0.61
-80 -12 0.61
-80 -8 0.61
-80 -4 0.61
-80 0 0.61
-80 4 0.61
-80 8 0.61
-80 12 0.61
-80 16 0.61
-80 20 0.61
-80 24 0.61
-80 28 0.61
-80 32 0.61
-80 36 0.61
-80 40 0.61
-80 44 0.61
-80 48 0.61
-80 52 0.61
-80 56 0.61
-80 60 0.61
-80 64 0.61
-80 68 0.61
-80 72 0.61
-80 76 0.61
-80 80 0.61
-80 84 0.61
-80 88 0.61
-80 92 0.61
-76 -96 0.61
-76 -92 0.61
-76 -88 0.61
-76 -84 0.61
-76 -80 0.61
-76 -76 0.61
-76 -72 0.61
-76 -68 0.61
-76 -64 0.61
-76 -60 0.61
-76 -56 0.61
-76 -52 0.61
-76 -48 0.61
-76 -44 0.61
-76 -40 0.61
-76 -36 0.61
-76 -32 0.61
-76 -28 0.61
-76 -24 0.61
-76 -20 0.61
-76 -16 0.61
-76 -12 0.61
-76 -8 0.61
-76 -4 0.61
-76 0 0.61
-76 4 0.61
-76 8 0.61
-76 12 0.61
-76 16 0.61
-76 20 0.61
-76 24 0.61
-76 28 0.61
-76 32 0.61
-76 36 0.61
-76 40 0.61
-76 44 0.61
-76 48 0.61
-76 52 0.61
-76 56 0.61
-76 60 0.61
-76 64 0.61
-76 68 0.61
-76 72 0.61
-76 76 0.61
-76 80 0.61
-76 84 0.61
-76 88 0.61
-76 92 0.61
-72 -96 0.61
-72 -92 0.61
-72 -88 0.61
-72 -84 0.61
-72 -80 0.61
-72 -76 0.61
-72 -72 0.61
-72 -68 0.61
-72 -64 0.61
-72 -60 0.61
-72 -56 0.61
-72 -52 0.61
-72 -48 0.61
-72 -44 0.61
-72 -40 0.61
-72 -36 0.61
-72 -32 0.61
-72 -28 0.61
-72 -24 0.61
-72 -20 0.61
-72 -16 0.61
-72 -12 0.61
-72 -8 0.61
-72 -4 0.61
-72 0 0.61
-72 4 0.61
-72 8 0.61
-72 12 0.61
-72 16 0.61
-72 20 0.61
-72 24 0.61
-72 28 0.61
-72 32 0.61
-72 36 0.61
-72 40 0.61
-72 44 0.61
-72 48 0.61
-72 52 0.61
-72 56 0.61
-72 60 0.61
-72 64 0.61
-72 68 0.61
-72 72 0.61
-72 76 0.61
-72 80 0.61
-72 84 0.61
-72 88 0.61
-72 92 0.61
-68 -96 0.61
-68 -92 0.61
-68 -88 0.61
-68 -84 0.61
-68 -80 0.61
-68 -76 0.61
-68 -72 0.61
-68 -68 0.61
-68 -64 0.61
-68 -60 0.61
-68 -56 0.61
-68 -52 0.61
-68 -48 0.61
-68 -44 0.61
-68 -40 0.61
-68 -36 0.61
-68 -32 0.61
-68 -28 0.61
-68 -24 0.61
-68 -20 0.61
-68 -16 0.61
-68 -12 0.61
-68 -8 0.61
-68 -4 0.61
-68 0 0.61
-68 4 0.61
-68 8 0.61
-68 12 0.61
-68 16 0.61
-68 20 0.61
-68 24 0.61
-68 28 0.61
-68 32 0.61
-68 36 0.61
-68 40 0.61
-68 44 0.61
-68 48 0.61
-68 52 0.61
-68 56 0.61
-68 60 0.61
-68 64 0.61
-68 68 0.61
-68 72 0.61
-68 76 0.61
-68 80 0.61
-68 84 0.61
-68 88 0.61
-68 92 0.61
-64 -96 0.61
-64 -92 0.61
-64 -88 0.61
-64 -84 0.61
-64 -80 0.61
-64 -76 0.61
-64 -72 0.61
-64 -68 0.61
-64 -64 0.61
-64 -60 0.61
-64 -56 0.61
-64 -52 0.61
-64 -48 0.61
-64 -44 0.61
-64 -40 0.61
-64 -36 0.61
-64 -32 0.61
-64 -28 0.61
-64 -24 0.61
-64 -20 0.61
-64 -16 0.61
-64 -12 0.61
-64 -8 0.61
-64 -4 0.61
-64 0 0.61
-64 4 0.61
-64 8 0.61
-64 12 0.61
-64 16 0.61
-64 20 0.61
-64 24 0.61
-64 28 0.61
-64 32 0.61
-64 36 0.61
-64 40 0.61
-64 44 0.61
-64 48 0.61
-64 52 0.61
-64 56 0.61
-64 60 0.61
-64 64 0.61
-64 68 0.61
-64 72 0.61
-64 76 0.61
-64 80 0.61
-64 84 0.61
-64 88 0.61
-64 92 0.61
-60 -96 0.61
-60 -92 0.61
-60 -88 0.61
-60 -84 0.61
-60 -80 0.61
-60 -76 0.61
-60 -72 0.61
-60 -68 0.61
-60 -64 0.61
-60 -60 0.61
-60 -56 0.61
-60 -52 0.61
-60 -48 0.61
-60 -44 0.61
-60 -40 0.61
-60 -36 0.61
-60 -32 0.61
-60 -28 0.61
-60 -24 0.61
-60 -20 0.61
-60 -16 0.61
-60 -12 0.61
-60 -8 0.61
-60 -4 0.61
-60 0 0.61
-60 4 0.61
-60 8 0.61
-60 12 0.61
-60 16 0.61
-60 20 0.61
-60 24 0.61
-60 28 0.61
-60 32 0.61
-60 36 0.61
-60 40 0.61
-60 44 0.61
-60 48 0.61
-60 52 0.61
-60 56 0.61
-60 60 0.61
-60 64 0.61
-60 68 0.61
-60 72 0.61
-60 76 0.61
-60 80 0.61
-60 84 0.61
-60 88 0.61
-60 92 0.61
-56 -96 0.61
-56 -92 0.61
-56 -88 0.61
-56 -84 0.61
-56 -80 0.61
-56 -76 0.61
-56 -72 0.61
-56 -68 0.61
-56 -64 0.61
-56 -60 0.61
-56 -56 0.61
-56 -52 0.61
-56 -48 0.61
-56 -44 0.61
-56 -40 0.61
-56 -36 0.61
-56 -32 0.61
-56 -28 0.61
-56 -24 0.61
-56 -20 0.61
-56 -16 0.61
-56 -12 0.61
-56 -8 0.61
-56 -4 0.61
-56 0 0.61
-56 4 0.61
-56 8 0.61
-56 12 0.61
-56 16 0.61
-56 20 0.61
-56 24 0.61
-56 28 0.61
-56 32 0.61
-56 36 0.61
-56 40 0.61
-56 44 0.61
-56 48 0.61
-56 52 0.61
-56 56 0.61
-56 60 0.61
-56 64 0.61
-56 68 0.61
-56 72 0.61
-56 76 0.61
-56 80 0.61
-56 84 0.61
-56 88 0.61
-56 92 0.61
-52 -96 0.61
-52 -92 0.61
-52 -88 0.61
-52 -84 0.61
-52 -80 0.61
-52 -76 0.61
-52 -72 0.61
-52 -68 0.61
-52 -64 0.61
-52 -60 0.61
-52 -56 0.61
-52 -52 0.61
-52 -48 0.61
-52 -44 0.61
-52 -40 0.61
-52 -36 0.61
-52 -32 0.61
-52 -28 0.61
-52 -24 0.61
-52 -20 0.61
-52 -16 0.61
-52 -12 0.61
-52 -8 0.61
-52 -4 0.61
-52 0 0.61
-52 4 0.61
-52 8 0.61
-52 12 0.61
-52 16 0.61
-52 20 0.61
-52 24 0.61
-52 28 0.61
-52 32 0.61
-52 36 0.61
-52 40 0.61
-52 44 0.61
-52 48 0.61
-52 52 0.61
-52 56 0.61
-52 60 0.61
-52 64 0.61
-52 68 0.61
-52 72 0.61
-52 76 0.61
-52 80 0.61
-52 84 0.61
-52 88 0.61
-52 92 0.61
-48 -96 0.61
-48 -92 0.61
-48 -88 0.61
-48 -84 0.61
-48 -80 0.61
-48 -76 0.61
-48 -72 0.61
-48 -68 0.61
-48 -64 0.61
-48 -60 0.61
-48 -56 0.61
-48 -52 0.61
-48 -48 0.61
-48 -44 0.61
-48 -40 0.61
-48 -36 0.61
-48 -32 0.61
-48 -28 0.61
-48 -24 0.61
-48 -20 0.61
-48 -16 0.61
-48 -12 0.61
-48 -8 0.61
-48 -4 0.61
-48 0 0.61
-48 4 0.61
-48 8 0.61
-48 12 0.61
-48 16 0.61
-48 20 0.61
-48 24 0.61
-48 28 0.61
-48 32 0.61
-48 36 0.61
-48 40 0.61
-48 44 0.61
-48 48 0.61
-48 52 0.61
-48 56 0.61
-48 60 0.61
-48 64 0.61
-48 68 0.61
-48 72 0.61
-48 76 0.61
-48 80 0.61
-48 84 0.61
-48 88 0.61
-48 92 0.61
-44 -96 0.61
-44 -92 0.61
-44 -88 0.61
-44 -84 0.61
-44 -80 0.61
-44 -76 0.61
-44 -72 0.61
-44 -68 0.61
-44 -64 0.61
-44 -60 0.61
-44 -56 0.61
-44 -52 0.61
-44 -48 0.61
-44 -44 0.61
-44 -40 0.61
-44 -36 0.61
-44 -32 0.61
-44 -28 0.61
-44 -24 0.61
-44 -20 0.61
-44 -16 0.61
-44 -12 0.61
-44 -8 0.61
-44 -4 0.61
-44 0 0.61
-44 4 0.61
-44 8 0.61
-44 12 0.61
-44 16 0.61
-44 20 0.61
-44 24 0.61
-44 28 0.61
-44 32 0.61
-44 36 0.61
-44 40 0.61
-44 44 0.61
-44 48 0.61
-44 52 0.61
-44 56 0.61
-44 60 0.61
-44 64 0.61
-44 68 0.61
-44 72 0.61
-44 76 0.61
-44 80 0.61
-44 84 0.61
-44 88 0.61
-44 92 0.61
-40 -96 0.61
-40 -92 0.61
-40 -88 0.61
-40 -84 0.61
-40 -80 0.61
-40 -76 0.61
-40 -72 0.61
-40 -68 0.61
-40 -64 0.61
-40 -60 0.61
-40 -56 0.61
-40 -52 0.61
-40 -48 0.61
-40 -44 0.61
-40 -40 0.61
-40 -36 0.61
-40 -32 0.61
-40 -28 0.61
-40 -24 0.61
-40 -20 0.61
-40 -16 0.61
-40 -12 0.61
-40 -8 0.61
-40 -4 0.61
-40 0 0.61
-40 4 0.61
-40 8 0.61
-40 12 0.61
-40 16 0.61
-40 20 0.61
-40 24 0.61
-40 28 0.61
-40 32 0.61
-40 36 0.61
-40 40 0.61
-40 44 0.61
-40 48 0.61
-40 52 0.61
-40 56 0.61
-40 60 0.61
-40 64 0.61
-40 68 0.61
-40 72 0.61
-40 76 0.61
-40 80 0.61
-40 84 0.61
-40 88 0.61
-40 92 0.61
-36 -96 0.61
-36 -92 0.61
-36 -88 0.61
-36 -84 0.61
-36 -80 0.61
-36 -76 0.61
-36 -72 0.61
-36 -68 0.61
-36 -64 0.61
-36 -60 0.61
-36 -56 0.61
-36 -52 0.61
-36 -48 0.61
-36 -44 0.61
-36 -16 1.10
-36 -12 0.61
-36 -8 0.61
-36 -4 0.61
-36 0 0.61
-36 4 0.61
-36 8 0.61
-36 12 0.61
-36 16 0.61
-36 20 0.61
-36 24 0.61
-36 28 0.61
-36 32 0.61
-36 36 0.61
-36 40 0.61
-36 44 0.61
-36 48 0.61
-36 52 0.61
-36 56 0.61
-36 60 0.61
-36 64 0.61
-36 68 0.61
-36 72 0.61
-36 76 0.61
-36 80 0.61
-36 84 0.61
-36 88 0.61
-36 92 0.61
-32 -96 0.61
-32 -92 0.61
-32 -88 0.61
-32 -84 0.61
-32 -80 0.61
-32 -76 0.61
-32 -72 0.61
-32 -68 0.61
-32 -64 0.61
-32 -60 0.61
-32 -56 0.61
-32 -52 0.61
-32 -48 0.61
-32 -44 0.61
-32 12 0.61
-32 16 0.66
-32 28 0.61
-32 32 0.61
-32 36 0.61
-32 40 0.61
-32 44 0.61
-32 48 0.61
-32 52 0.61
-32 56 0.61
-32 60 0.61
-32 64 0.61
-32 68 0.61
-32 72 0.61
-32 76 0.61
-32 80 0.61
-32 84 0.61
-32 88 0.61
-32 92 0.61
-28 -96 0.61
-28 -92 0.61
-28 -88 0.61
-28 -84 0.61
-28 -80 0.61
-28 -76 0.61
-28 -72 0.61
-28 -68 0.61
-28 -64 0.61
-28 -60 0.61
-28 -56 0.61
-28 -52 0.61
-28 -48 0.61
-28 28 0.63
-28 32 0.61
-28 36 0.61
-28 40 0.61
-28 44 0.61
-28 48 0.61
-28 52 0.61
-28 56 0.61
-28 60 0.61
-28 64 0.61
-28 68 0.61
-28 72 0.61
-28 76 0.61
-28 80 0.61
-28 84 0.61
-28 88 0.61
-28 92 0.61
-24 -96 0.61
-24 -92 0.61
-24 -88 0.61
-24 -84 0.61
-24 -80 0.61
-24 -76 0.61
-24 -72 0.61
-24 -68 0.61
-24 -64 0.61
-24 -60 0.61
-24 -56 0.61
-24 -52 0.61
-24 -48 0.61
-24 32 0.61
-24 36 0.61
-24 40 0.61
-24 44 0.61
-24 48 0.61
-24 52 0.61
-24 56 0.61
-24 60 0.61
-24 64 0.61
-24 68 0.61
-24 72 0.61
-24 76 0.61
-24 80 0.61
-24 84 0.61
-24 88 0.61
-24 92 0.61
-20 -96 0.61
-20 -92 0.61
-20 -88 0.61
-20 -84 0.61
-20 -80 0.61
-20 -76 0.61
-20 -72 0.61
-20 -68 0.61
-20 -64 0.61
-20 -60 0.61
-20 -56 0.61
-20 -52 0.61
-20 -48 0.61
-20 -44 0.61
-20 32 0.61
-20 36 0.61
-20 40 0.61
-20 44 0.61
-20 48 0.61
-20 52 0.61
-20 56 0.61
-20 60 0.61
-20 64 0.61
-20 68 0.61
-20 72 0.61
-20 76 0.61
-20 80 0.61
-20 84 0.61
-20 88 0.61
-20 92 0.61
-16 -96 0.61
-16 -92 0.61
-16 -88 0.61
-16 -84 0.61
-16 -80 0.61
-16 -76 0.61
-16 -72 0.61
-16 -68 0.61
-16 -64 0.61
-16 -60 0.61
-16 -56 0.61
-16 -52 0.61
-16 -48 0.61
-16 -44 0.61
-16 32 0.61
-16 36 0.61
-16 40 0.61
-16 44 0.61
-16 48 0.61
-16 52 0.61
-16 56 0.61
-16 60 0.61
-16 64 0.61
-16 68 0.61
-16 72 0.61
-16 76 0.61
-16 80 0.61
-16 84 0.61
-16 88 0.61
-16 92 0.61
-12 -96 0.61
-12 -92 0.61
-12 -88 0.61
-12 -84 0.61
-12 -80 0.61
-12 -76 0.61
-12 -72 0.61
-12 -68 0.61
-12 -64 0.61
-12 -60 0.61
-12 -56 0.61
-12 -52 0.61
-12 -48 0.61
-12 -44 0.61
-12 32 0.61
-12 36 0.61
-12 40 0.61
-12 44 0.61
-12 48 0.61
-12 52 0.61
-12 56 0.61
-12 60 0.61
-12 64 0.61
-12 68 0.61
-12 72 0.61
-12 76 0.61
-12 80 0.61
-12 84 0.61
-12 88 0.61
-12 92 0.61
-8 -96 0.61
-8 -92 0.61
-8 -88 0.61
-8 -84 0.61
-8 -80 0.61
-8 -76 0.61
-8 -72 0.61
-8 -68 0.61
-8 -64 0.61
-8 -60 0.61
-8 -56 0.61
-8 -52 0.61
-8 -48 0.61
-8 -44 0.61
-8 -40 0.61
-8 32 0.61
-8 36 0.61
-8 40 0.61
-8 44 0.61
-8 48 0.61
-8 52 0.61
-8 56 0.61
-8 60 0.61
-8 64 0.61
-8 68 0.61
-8 72 0.61
-8 76 0.61
-8 80 0.61
-8 84 0.61
-8 88 0.61
-8 92 0.61
-4 -96 0.61
-4 -92 0.61
-4 -88 0.61
-4 -84 0.61
-4 -80 0.61
-4 -76 0.61
-4 -72 0.61
-4 -68 0.61
-4 -64 0.61
-4 -60 0.61
-4 -56 0.61
-4 -52 0.61
-4 -48 0.61
-4 -44 0.61
-4 -40 0.61
-4 -36 0.61
-4 32 0.61
-4 36 0.61
-4 40 0.61
-4 44 0.61
-4 48 0.61
-4 52 0.61
-4 56 0.61
-4 60 0.61
-4 64 0.61
-4 68 0.61
-4 72 0.61
-4 76 0.61
-4 80 0.61
-4 84 0.61
-4 88 0.61
-4 92 0.61
0 -96 0.61
0 -92 0.61
0 -88 0.61
0 -84 0.61
0 -80 0.61
0 -76 0.61
0 -72 0.61
0 -68 0.61
0 -64 0.61
0 -60 0.61
0 -56 0.61
0 -52 0.61
0 -48 0.61
0 -44 0.61
0 -40 0.61
0 -36 0.61
0 32 0.61
0 36 0.61
0 40 0.61
0 44 0.61
0 48 0.61
0 52 0.61
0 56 0.61
0 60 0.61
0 64 0.61
0 68 0.61
0 72 0.61
0 76 0.61
0 80 0.61
0 84 0.61
0 88 0.61
0 92 0.61
4 -96 0.61
4 -92 0.61
4 -88 0.61
4 -84 0.61
4 -80 0.61
4 -76 0.61
4 -72 0.61
4 -68 0.61
4 -64 0.61
4 -60 0.61
4 -56 0.61
4 -52 0.61
4 -48 0.61
4 -44 0.61
4 -40 0.61
4 -36 0.61
4 32 0.61
4 36 0.61
4 40 0.61
4 44 0.61
4 48 0.61
4 52 0.61
4 56 0.61
4 60 0.61
4 64 0.61
4 68 0.61
4 72 0.61
4 76 0.61
4 80 0.61
4 84 0.61
4 88 0.61
4 92 0.61
8 -96 0.61
8 -92 0.61
8 -88 0.61
8 -84 0.61
8 -80 0.61
8 -76 0.61
8 -72 0.61
8 -68 0.61
8 -64 0.61
8 -60 0.61
8 -56 0.61
8 -52 0.61
8 -48 0.61
8 -44 0.61
8 -40 0.61
8 -36 0.61
8 36 0.63
8 40 0.61
8 44 0.61
8 48 0.61
8 52 0.61
8 56 0.61
8 60 0.61
8 64 0.61
8 68 0.61
8 72 0.61
8 76 0.61
8 80 0.61
8 84 0.61
8 88 0.61
8 92 0.61
12 -96 0.61
12 -92 0.61
12 -88 0.61
12 -84 0.61
12 -80 0.61
12 -76 0.61
12 -72 0.61
12 -68 0.61
12 -64 0.61
12 -60 0.61
12 -56 0.61
12 -52 0.61
12 -48 0.61
12 -44 0.61
12 -40 0.61
12 -36 0.61
12 36 1.86
12 40 0.61
12 44 0.61
12 48 0.61
12 52 0.61
12 56 0.61
12 60 0.61
12 64 0.61
12 68 0.61
12 72 0.61
12 76 0.61
12 80 0.61
12 84 0.61
12 88 0.61
12 92 0.61
16 -96 0.61
16 -92 0.61
16 -88 0.61
16 -84 0.61
16 -80 0.61
16 -76 0.61
16 -72 0.61
16 -68 0.61
16 -64 0.61
16 -60 0.61
16 -56 0.61
16 -52 0.61
16 -48 0.61
16 -44 0.61
16 -40 0.61
16 -36 0.61
16 40 0.61
16 44 0.61
16 48 0.61
16 52 0.61
16 56 0.61
16 60 0.61
16 64 0.61
16 68 0.61
16 72 0.61
16 76 0.61
16 80 0.61
16 84 0.61
16 88 0.61
16 92 0.61
20 -96 0.61
20 -92 0.61
20 -88 0.61
20 -84 0.61
20 -80 0.61
20 -76 0.61
20 -72 0.61
20 -68 0.61
20 -64 0.61
20 -60 0.61
20 -56 0.61
20 -52 0.61
20 -48 0.61
20 -44 0.61
20 -40 0.61
20 -36 0.61
20 40 0.61
20 44 0.61
20 48 0.61
20 52 0.61
20 56 0.61
20 60 0.61
20 64 0.61
20 68 0.61
20 72 0.61
20 76 0.61
20 80 0.61
20 84 0.61
20 88 0.61
20 92 0.61
24 -96 0.61
24 -92 0.61
24 -88 0.61
24 -84 0.61
24 -80 0.61
24 -76 0.61
24 -72 0.61
24 -68 0.61
24 -64 0.61
24 -60 0.61
24 -56 0.61
24 -52 0.61
24 -48 0.61
24 -44 0.61
24 -40 0.61
24 -36 0.61
24 40 0.61
24 44 0.61
24 48 0.61
24 52 0.61
24 56 0.61
24 60 0.61
24 64 0.61
24 68 0.61
24 72 0.61
24 76 0.61
24 80 0.61
24 84 0.61
24 88 0.61
24 92 0.61
28 -96 0.61
28 -92 0.61
28 -88 0.61
28 -84 0.61
28 -80 0.61
28 -76 0.61
28 -72 0.61
28 -68 0.61
28 -64 0.61
28 -60 0.61
28 -56 0.61
28 -52 0.61
28 -48 0.61
28 -44 0.61
28 -40 0.61
28 -36 0.61
28 36 0.61
28 40 0.61
28 44 0.61
28 48 0.61
28 52 0.61
28 56 0.61
28 60 0.61
28 64 0.61
28 68 0.61
28 72 0.61
28 76 0.61
28 80 0.61
28 84 0.61
28 88 0.61
28 92 0.61
32 -96 0.61
32 -92 0.61
32 -88 0.61
32 -84 0.61
32 -80 0.61
32 -76 0.61
32 -72 0.61
32 -68 0.61
32 -64 0.61
32 -60 0.61
32 -56 0.61
32 -52 0.61
32 -48 0.61
32 -44 0.61
32 -40 0.61
32 -36 0.61
32 -32 0.61
32 -28 1.29
32 -24 1.51
32 -16 0.61
32 -12 0.61
32 0 1.99
32 4 0.61
32 8 0.61
32 12 0.61
32 16 0.61
32 20 1.21
32 24 1.22
32 28 0.76
32 32 0.61
32 36 0.61
32 40 0.61
32 44 0.61
32 48 0.61
32 52 0.61
32 56 0.61
32 60 0.61
32 64 0.61
32 68 0.61
32 72 0.61
32 76 0.61
32 80 0.61
32 84 0.61
32 88 0.61
32 92 0.61
36 -96 0.61
36 -92 0.61
36 -88 0.61
36 -84 0.61
36 -80 0.61
36 -76 0.61
36 -72 0.61
36 -68 0.61
36 -64 0.61
36 -60 0.61
36 -56 0.61
36 -52 0.61
36 -48 0.61
36 -44 0.61
36 -40 0.61
36 -36 0.61
36 -32 0.61
36 -28 0.61
36 -24 0.61
36 -20 0.61
36 -16 0.61
36 -12 0.61
36 -8 0.61
36 -4 0.61
36 0 0.61
36 4 0.61
36 8 0.61
36 12 0.61
36 16 0.61
36 20 0.61
36 24 0.61
36 28 0.61
36 32 0.61
36 36 0.61
36 40 0.61
36 44 0.61
36 48 0.61
36 52 0.61
36 56 0.61
36 60 0.61
36 64 0.61
36 68 0.61
36 72 0.61
36 76 0.61
36 80 0.61
36 84 0.61
36 88 0.61
36 92 0.61
40 -96 0.61
40 -92 0.61
40 -88 0.61
40 -84 0.61
40 -80 0.61
40 -76 0.61
40 -72 0.61
40 -68 0.61
40 -64 0.61
40 -60 0.61
40 -56 0.61
40 -52 0.61
40 -48 0.61
40 -44 0.61
40 -40 0.61
40 -36 0.61
40 -32 0.61
40 -28 0.61
40 -24 0.61
40 -20 0.61
40 -16 0.61
40 -12 0.61
40 -8 0.61
40 -4 0.61
40 0 0.61
40 4 0.61
40 8 0.61
40 12 0.61
40 16 0.61
40 20 0.61
40 24 0.61
40 28 0.61
40 32 0.61
40 36 0.61
40 40 0.61
40 44 0.61
40 48 0.61
40 52 0.61
40 56 0.61
40 60 0.61
40 64 0.61
40 68 0.61
40 72 0.61
40 76 0.61
40 80 0.61
40 84 0.61
40 88 0.61
40 92 0.61
44 -96 0.61
44 -92 0.61
44 -88 0.61
44 -84 0.61
44 -80 0.61
44 -76 0.61
44 -72 0.61
44 -68 0.61
44 -64 0.61
44 -60 0.61
44 -56 0.61
44 -52 0.61
44 -48 0.61
44 -44 0.61
44 -40 0.61
44 -36 0.61
44 -32 0.61
44 -28 0.61
44 -24 0.61
44 -20 0.61
44 -16 0.61
44 -12 0.61
44 -8 0.61
44 -4 0.61
44 0 0.61
44 4 0.61
44 8 0.61
44 12 0.61
44 16 0.61
44 20 0.61
44 24 0.61
44 28 0.61
44 32 0.61
44 36 0.61
44 40 0.61
44 44 0.61
44 48 0.61
44 52 0.61
44 56 0.61
44 60 0.61
44 64 0.61
44 68 0.61
44 72 0.61
44 76 0.61
44 80 0.61
44 84 0.61
44 88 0.61
44 92 0.61
48 -96 0.61
48 -92 0.61
48 -88 0.61
48 -84 0.61
48 -80 0.61
48 -76 0.61
48 -72 0.61
48 -68 0.61
48 -64 0.61
48 -60 0.61
48 -56 0.61
48 -52 0.61
48 -48 0.61
48 -44 0.61
48 -40 0.61
48 -36 0.61
48 -32 0.61
48 -28 0.61
48 -24 0.61
48 -20 0.61
48 -16 0.61
48 -12 0.61
48 -8 0.61
48 -4 0.61
48 0 0.61
48 4 0.61
48 8 0.61
48 12 0.61
48 16 0.61
48 20 0.61
48 24 0.61
48 28 0.61
48 32 0.61
48 36 0.61
48 40 0.61
48 44 0.61
48 48 0.61
48 52 0.61
48 56 0.61
48 60 0.61
48 64 0.61
48 68 0.61
48 72 0.61
48 76 0.61
48 80 0.61
48 84 0.61
48 88 0.61
48 92 0.61
52 -96 0.61
52 -92 0.61
52 -88 0.61
52 -84 0.61
52 -80 0.61
52 -76 0.61
52 -72 0.61
52 -68 0.61
52 -64 0.61
52 -60 0.61
52 -56 0.61
52 -52 0.61
52 -48 0.61
52 -44 0.61
52 -40 0.61
52 -36 0.61
52 -32 0.61
52 -28 0.61
52 -24 0.61
52 -20 0.61
52 -16 0.61
52 -12 0.61
52 -8 0.61
52 -4 0.61
52 0 0.61
52 4 0.61
52 8 0.61
52 12 0.61
52 16 0.61
52 20 0.61
52 24 0.61
52 28 0.61
52 32 0.61
52 36 0.61
52 40 0.61
52 44 0.61
52 48 0.61
52 52 0.61
52 56 0.61
52 60 0.61
52 64 0.61
52 68 0.61
52 72 0.61
52 76 0.61
52 80 0.61
52 84 0.61
52 88 0.61
52 92 0.61
56 -96 0.61
56 -92 0.61
56 -88 0.61
56 -84 0.61
56 -80 0.61
56 -76 0.61
56 -72 0.61
56 -68 0.61
56 -64 0.61
56 -60 0.61
56 -56 0.61
56 -52 0.61
56 -48 0.61
56 -44 0.61
56 -40 0.61
56 -36 0.61
56 -32 0.61
56 -28 0.61
56 -24 0.61
56 -20 0.61
56 -16 0.61
56 -12 0.61
56 -8 0.61
56 -4 0.61
56 0 0.61
56 4 0.61
56 8 0.61
56 12 0.61
56 16 0.61
56 20 0.61
56 24 0.61
56 28 0.61
56 32 0.61
56 36 0.61
56 40 0.61
56 44 0.61
56 48 0.61
56 52 0.61
56 56 0.61
56 60 0.61
56 64 0.61
56 68 0.61
56 72 0.61
56 76 0.61
56 80 0.61
56 84 0.61
56 88 0.61
56 92 0.61
60 -96 0.61
60 -92 0.61
60 -88 0.61
60 -84 0.61
60 -80 0.61
60 -76 0.61
60 -72 0.61
60 -68 0.61
60 -64 0.61
60 -60 0.61
60 -56 0.61
60 -52 0.61
60 -48 0.61
60 -44 0.61
60 -40 0.61
60 -36 0.61
60 -32 0.61
60 -28 0.61
60 -24 0.61
60 -20 0.61
60 -16 0.61
60 -12 0.61
60 -8 0.61
60 -4 0.61
60 0 0.61
60 4 0.61
60 8 0.61
60 12 0.61
60 16 0.61
60 20 0.61
60 24 0.61
60 28 0.61
60 32 0.61
60 36 0.61
60 40 0.61
60 44 0.61
60 48 0.61
60 52 0.61
60 56 0.61
60 60 0.61
60 64 0.61
60 68 0.61
60 72 0.61
60 76 0.61
60 80 0.61
60 84 0.61
60 88 0.61
60 92 0.61
64 -96 0.61
64 -92 0.61
64 -88 0.61
64 -84 0.61
64 -80 0.61
64 -76 0.61
64 -72 0.61
64 -68 0.61
64 -64 0.61
64 -60 0.61
64 -56 0.61
64 -52 0.61
64 -48 0.61
64 -44 0.61
64 -40 0.61
64 -36 0.61
64 -32 0.61
64 -28 0.61
64 -24 0.61
64 -20 0.61
64 -16 0.61
64 -12 0.61
64 -8 0.61
64 -4 0.61
64 0 0.61
64 4 0.61
64 8 0.61
64 12 0.61
64 16 0.61
64 20 0.61
64 24 0.61
64 28 0.61
64 32 0.61
64 36 0.61
64 40 0.61
64 44 0.61
64 48 0.61
64 52 0.61
64 56 0.61
64 60 0.61
64 64 0.61
64 68 0.61
64 72 0.61
64 76 0.61
64 80 0.61
64 84 0.61
64 88 0.61
64 92 0.61
68 -96 0.61
68 -92 0.61
68 -88 0.61
68 -84 0.61
68 -80 0.61
68 -76 0.61
68 -72 0.61
68 -68 0.61
68 -64 0.61
68 -60 0.61
68 -56 0.61
68 -52 0.61
68 -48 0.61
68 -44 0.61
68 -40 0.61
68 -36 0.61
68 -32 0.61
68 -28 0.61
68 -24 0.61
68 -20 0.61
68 -16 0.61
68 -12 0.61
68 -8 0.61
68 -4 0.61
68 0 0.61
68 4 0.61
68 8 0.61
68 12 0.61
68 16 0.61
68 20 0.61
68 24 0.61
68 28 0.61
68 32 0.61
68 36 0.61
68 40 0.61
68 44 0.61
68 48 0.61
68 52 0.61
68 56 0.61
68 60 0.61
68 64 0.61
68 68 0.61
68 72 0.61
68 76 0.61
68 80 0.61
68 84 0.61
68 88 0.61
68 92 0.61
72 -96 0.61
72 -92 0.61
72 -88 0.61
72 -84 0.61
72 -80 0.61
72 -76 0.61
72 -72 0.61
72 -68 0.61
72 -64 0.61
72 -60 0.61
72 -56 0.61
72 -52 0.61
72 -48 0.61
72 -44 0.61
72 -40 0.61
72 -36 0.61
72 -32 0.61
72 -28 0.61
72 -24 0.61
72 -20 0.61
72 -16 0.61
72 -12 0.61
72 -8 0.61
72 -4 0.61
72 0 0.61
72 4 0.61
72 8 0.61
72 12 0.61
72 16 0.61
72 20 0.61
72 24 0.61
72 28 0.61
72 32 0.61
72 36 0.61
72 40 0.61
72 44 0.61
72 48 0.61
72 52 0.61
72 56 0.61
72 60 0.61
72 64 0.61
72 68 0.61
72 72 0.61
72 76 0.61
72 80 0.61
72 84 0.61
72 88 0.61
72 92 0.61
76 -96 0.61
76 -92 0.61
76 -88 0.61
76 -84 0.61
76 -80 0.61
76 -76 0.61
76 -72 0.61
76 -68 0.61
76 -64 0.61
76 -60 0.61
76 -56 0.61
76 -52 0.61
76 -48 0.61
76 -44 0.61
76 -40 0.61
76 -36 0.61
76 -32 0.61
76 -28 0.61
76 -24 0.61
76 -20 0.61
76 -16 0.61
76 -12 0.61
76 -8 0.61
76 -4 0.61
76 0 0.61
76 4 0.61
76 8 0.61
76 12 0.61
76 16 0.61
76 20 0.61
76 24 0.61
76 28 0.61
76 32 0.61
76 36 0.61
76 40 0.61
76 44 0.61
76 48 0.61
76 52 0.61
76 56 0.61
76 60 0.61
76 64 0.61
76 68 0.61
76 72 0.61
76 76 0.61
76 80 0.61
76 84 0.61
76 88 0.61
76 92 0.61
80 -96 0.61
80 -92 0.61
80 -88 0.61
80 -84 0.61
80 -80 0.61
80 -76 0.61
80 -72 0.61
80 -68 0.61
80 -64 0.61
80 -60 0.61
80 -56 0.61
80 -52 0.61
80 -48 0.61
80 -44 0.61
80 -40 0.61
80 -36 0.61
80 -32 0.61
80 -28 0.61
80 -24 0.61
80 -20 0.61
80 -16 0.61
80 -12 0.61
80 -8 0.61
80 -4 0.61
80 0 0.61
80 4 0.61
80 8 0.61
80 12 0.61
80 16 0.61
80 20 0.61
80 24 0.61
80 28 0.61
80 32 0.61
80 36 0.61
80 40 0.61
80 44 0.61
80 48 0.61
80 52 0.61
80 56 0.61
80 60 0.61
80 64 0.61
80 68 0.61
80 72 0.61
80 76 0.61
80 80 0.61
80 84 0.61
80 88 0.61
80 92 0.61
84 -96 0.61
84 -92 0.61
84 -88 0.61
84 -84 0.61
84 -80 0.61
84 -76 0.61
84 -72 0.61
84 -68 0.61
84 -64 0.61
84 -60 0.61
84 -56 0.61
84 -52 0.61
84 -48 0.61
84 -44 0.61
84 -40 0.61
84 -36 0.61
84 -32 0.61
84 -28 0.61
84 -24 0.61
84 -20 0.61
84 -16 0.61
84 -12 0.61
84 -8 0.61
84 -4 0.61
84 0 0.61
84 4 0.61
84 8 0.61
84 12 0.61
84 16 0.61
84 20 0.61
84 24 0.61
84 28 0.61
84 32 0.61
84 36 0.61
84 40 0.61
84 44 0.61
84 48 0.61
84 52 0.61
84 56 0.61
84 60 0.61
84 64 0.61
84 68 0.61
84 72 0.61
84 76 0.61
84 80 0.61
84 84 0.61
84 88 0.61
84 92 0.61
88 -96 0.61
88 -92 0.61
88 -88 0.61
88 -84 0.61
88 -80 0.61
88 -76 0.61
88 -72 0.61
88 -68 0.61
88 -64 0.61
88 -60 0.61
88 -56 0.61
88 -52 0.61
88 -48 0.61
88 -44 0.61
88 -40 0.61
88 -36 0.61
88 -32 0.61
88 -28 0.61
88 -24 0.61
88 -20 0.61
88 -16 0.61
88 -12 0.61
88 -8 0.61
88 -4 0.61
88 0 0.61
88 4 0.61
88 8 0.61
88 12 0.61
88 16 0.61
88 20 0.61
88 24 0.61
88 28 0.61
88 32 0.61
88 36 0.61
88 40 0.61
88 44 0.61
88 48 0.61
88 52 0.61
88 56 0.61
88 60 0.61
88 64 0.61
88 68 0.61
88 72 0.61
88 76 0.61
88 80 0.61
88 84 0.61
88 88 0.61
88 92 0.61
92 -96 0.61
92 -92 0.61
92 -88 0.61
92 -84 0.61
92 -80 0.61
92 -76 0.61
92 -72 0.61
92 -68 0.61
92 -64 0.61
92 -60 0.61
92 -56 0.61
92 -52 0.61
92 -48 0.61
92 -44 0.61
92 -40 0.61
92 -36 0.61
92 -32 0.61
92 -28 0.61
92 -24 0.61
92 -20 0.61
92 -16 0.61
92 -12 0.61
92 -8 0.61
92 -4 0.61
92 0 0.61
92 4 0.61
92 8 0.61
92 12 0.61
92 16 0.61
92 20 0.61
92 24 0.61
92 28 0.61
92 32 0.61
92 36 0.61
92 40 0.61
92 44 0.61
92 48 0.61
92 52 0.61
92 56 0.61
92 60 0.61
92 64 0.61
92 68 0.61
92 72 0.61
92 76 0.61
92 80 0.61
92 84 0.61
92 88 0.61
92 92 0.61
# chunks vanilla does not cover
