A. SHEET INK INFLATION -- texels painted / honest covered area, no mesh
tag           cov sum texels>=floor |  x@floor   x@0.20   x@0.50
blast_n4         9107        10992 |    1.207    1.177    1.005
blast_n8        33277        40236 |    1.209    1.184    1.010
maple_n4         2018         4758 |    2.357    1.902    0.768
dead_n4          6828         8626 |    1.263    1.227    0.995
rock_n4         53757        55869 |    1.039    1.033    1.000

B/C running...
  blast_n4 done
  maple_n4 done

B. IoU vs ANGULAR DISTANCE TO THE NEAREST BAKE DIRECTION (PROXY, 24 views)
  blast_n4  (blast_n4 AT a bake direction, measured: 1 frame = 0.8785)
         deg  3 frame  1 frame 1f preBC3   1f ink
       15.00   0.6135   0.8191   0.8222    1.088
       15.00   0.6391   0.8409   0.8411    1.044
       15.00   0.6632   0.8301   0.8329    1.028
       15.00   0.6273   0.7989   0.7987    1.020
       15.38   0.5180   0.8327   0.8288    1.024
       15.38   0.6466   0.7947   0.7967    1.070
       15.38   0.7226   0.8107   0.8106    1.049
       15.38   0.5985   0.8128   0.8149    1.022
       15.38   0.5818   0.7430   0.7422    1.052
       15.38   0.7244   0.7582   0.7574    1.071
       15.38   0.5751   0.7774   0.7784    1.067
       15.38   0.5601   0.8150   0.8110    1.022
       18.43   0.4836   0.7285   0.7303    0.966
       18.43   0.5427   0.5092   0.5095    0.974
       18.43   0.6742   0.5959   0.5951    0.902
       18.43   0.6456   0.6273   0.6282    0.848
       25.00   0.5442   0.2004   0.1996    0.405
       25.00   0.4108   0.1596   0.1589    0.433
       25.00   0.5625   0.1435   0.1427    0.472
       25.00   0.4386   0.4283   0.4287    0.807
       25.00   0.5467   0.3999   0.3989    0.886
       25.00   0.5961   0.6692   0.6685    0.939
       25.00   0.4947   0.2982   0.2980    0.900
       25.00   0.4201   0.3255   0.3257    0.587
    bin 10-20 deg  n=16  3f 0.6135  1f 0.7559
    bin 20-40 deg  n= 8  3f 0.5017  1f 0.3281
  maple_n4  (blast_n4 AT a bake direction, measured: 1 frame = 0.8785)
         deg  3 frame  1 frame 1f preBC3   1f ink
       15.00   0.4593   0.5013   0.5061    1.432
       15.00   0.3109   0.4690   0.4682    1.519
       15.00   0.4296   0.4731   0.4718    1.382
       15.00   0.3496   0.4623   0.4585    1.514
       15.38   0.4147   0.4514   0.4528    1.634
       15.38   0.4153   0.4870   0.4811    1.340
       15.38   0.4251   0.4682   0.4732    1.551
       15.38   0.4493   0.5002   0.4960    1.436
       15.38   0.4732   0.4852   0.4893    1.625
       15.38   0.4337   0.4534   0.4552    1.544
       15.38   0.4228   0.4477   0.4491    1.543
       15.38   0.3852   0.4676   0.4687    1.666
       18.43   0.3786   0.3655   0.3697    1.494
       18.43   0.3693   0.3735   0.3724    1.192
       18.43   0.2682   0.1838   0.1816    1.470
       18.43   0.3236   0.2818   0.2802    1.518
       25.00   0.2922   0.1363   0.1357    1.263
       25.00   0.3609   0.2554   0.2556    1.106
       25.00   0.3516   0.2950   0.2936    1.096
       25.00   0.3503   0.2538   0.2545    1.284
       25.00   0.3141   0.1651   0.1677    1.144
       25.00   0.2946   0.3792   0.3791    1.276
       25.00   0.2916   0.1552   0.1551    1.477
       25.00   0.3470   0.2709   0.2714    1.430
    bin 10-20 deg  n=16  3f 0.3943  1f 0.4294
    bin 20-40 deg  n= 8  3f 0.3253  1f 0.2389

C. THE BC3 ALPHA RAMP SHARE (3 frames, 24 views, mean)
tag         DDS alpha  PNG alpha    delta
blast_n4       0.5763     0.5765  +0.0003
maple_n4       0.3713     0.3736  +0.0023
