tile       cell            k      r1      r8  r8twin    ours     van    sdO    sdV   satO   satV
(-20,20)   (-19,20)    1.116  +0.498  +0.634  +0.109   73.70   84.37  15.15  13.42  0.244  0.205
(-16,20)   (-15,22)    0.938  +0.411  +0.572  -0.309   75.26   73.96  18.17   7.64  0.254  0.226
(-20,24)   (-18,27)    1.075  +0.417  +0.528  -0.297   67.05   75.73  17.33  10.77  0.291  0.235
(-20,28)   (-18,28)    1.136  +0.392  +0.487  +0.103   64.70   74.51   9.73  10.68  0.257  0.228
(-20,20)   (-18,23)    1.080  +0.336  +0.453  +0.457   66.42   74.35  14.37  10.37  0.286  0.232
(-20,20)   (-18,20)    1.113  +0.268  +0.433  +0.056   77.22   89.97  17.94  10.29  0.260  0.218
(-20,24)   (-19,27)    1.244  +0.330  +0.416  -0.302   65.89   83.96  12.12  13.15  0.274  0.212
(-20,28)   (-17,28)    1.199  +0.340  +0.412  -0.304   65.90   79.84   8.75  11.86  0.246  0.224
(-20,20)   (-20,22)    1.164  +0.273  +0.405  -0.176   72.98   91.34  21.32  10.49  0.262  0.198
(-20,20)   (-19,22)    1.039  +0.244  +0.401  +0.069   77.08   85.91  22.04   9.86  0.252  0.190
(-20,20)   (-19,23)    1.106  +0.300  +0.401  +0.174   69.61   80.76  17.04  11.72  0.273  0.228
(-20,24)   (-17,27)    1.043  +0.307  +0.389  +0.134   74.17   80.32  15.90   8.94  0.246  0.213
(-16,24)   (-13,25)    0.860  +0.264  +0.356  +0.099   96.69   84.01  11.89  13.16  0.209  0.191
(-16,24)   (-13,24)    0.927  +0.240  +0.352  -0.003   96.98   90.59  10.27  13.35  0.202  0.186
(-20,20)   (-17,20)    1.066  +0.233  +0.347  +0.240   76.35   85.97  19.06   8.65  0.259  0.209
(-20,20)   (-20,23)    1.063  +0.242  +0.342  +0.063   80.57   87.74  14.07  11.62  0.228  0.213
(-20,20)   (-17,23)    1.161  +0.256  +0.340  -0.100   60.82   72.69  11.61  10.05  0.290  0.224
(-20,20)   (-18,21)    1.233  +0.231  +0.339  +0.120   66.89   86.67  16.16  11.23  0.284  0.227
(-16,20)   (-15,23)    1.046  +0.212  +0.317  -0.168   64.21   70.04  14.17   8.38  0.277  0.224
(-16,20)   (-13,23)    0.896  +0.215  +0.309  -0.254   96.35   87.09  10.79  13.12  0.202  0.189
(-16,20)   (-16,21)    0.917  +0.185  +0.278  +0.349   82.86   77.83  13.71   8.84  0.229  0.233
(-20,20)   (-20,21)    1.071  +0.128  +0.242  +0.102   79.53   92.17  23.35   9.62  0.248  0.191
(-16,24)   (-15,25)    0.917  +0.166  +0.229  +0.204   96.85   90.15  12.87   9.14  0.282  0.217
(-20,20)   (-20,20)    1.060  +0.160  +0.224  -0.018   78.66   88.11  19.64  11.85  0.236  0.216
(-20,20)   (-17,21)    1.187  +0.144  +0.221  +0.059   63.94   79.00  13.48   8.21  0.281  0.222
(-24,24)   (-22,27)    1.085  +0.136  +0.209  -0.060   82.23   89.53   5.78  10.19  0.213  0.206
(-20,24)   (-19,24)    0.886  +0.140  +0.199  -0.307   88.97   79.74  10.40   8.80  0.207  0.223
(-16,20)   (-13,20)    0.929  +0.140  +0.199  +0.072   87.60   82.22   9.64   9.93  0.201  0.217
(-24,24)   (-23,24)    0.967  +0.134  +0.193  -0.040   94.41   92.46  11.28   6.80  0.260  0.214
(-24,24)   (-21,26)    0.980  +0.128  +0.182  +0.053   91.19   90.70  11.78   7.71  0.255  0.221
(-16,24)   (-13,26)    0.753  +0.114  +0.163  +0.092   96.66   73.70  11.43   8.02  0.256  0.236
(-24,24)   (-22,26)    1.084  +0.094  +0.135  +0.061   83.27   91.12   8.70  11.31  0.235  0.206
(-16,20)   (-14,20)    0.874  +0.082  +0.133  +0.067   86.78   76.45   8.25   6.87  0.214  0.233
(-20,20)   (-19,21)    1.197  +0.073  +0.126  -0.003   71.38   90.97  18.36   8.97  0.274  0.213
(-16,24)   (-14,24)    0.891  +0.089  +0.124  -0.011   91.43   82.39  10.02   9.70  0.223  0.225
(-20,24)   (-20,26)    0.824  +0.074  +0.109  +0.165   99.39   83.24  12.88   8.05  0.285  0.222
(-20,24)   (-20,27)    1.187  +0.077  +0.107  +0.163   70.47   86.51  13.45  11.40  0.241  0.207
(-16,24)   (-16,27)    0.964  +0.077  +0.105  -0.109   81.51   83.95  21.67  10.64  0.265  0.214
(-20,24)   (-19,26)    0.816  +0.059  +0.093  +0.204   94.98   78.90  12.82   8.07  0.258  0.221
(-16,24)   (-14,25)    0.897  +0.057  +0.090  -0.055   91.16   82.69   9.91  10.64  0.235  0.212
(-16,20)   (-16,23)    1.127  +0.051  +0.077  -0.111   66.09   76.42  11.00  10.06  0.254  0.207
(-20,24)   (-17,26)    0.813  +0.040  +0.064  +0.155   95.94   79.40  12.95   7.14  0.254  0.227
(-16,20)   (-15,20)    0.884  +0.035  +0.061  +0.219   85.91   76.55   7.80   7.93  0.211  0.231
(-16,20)   (-14,22)    0.917  +0.043  +0.060  -0.186   85.89   79.38   7.59   9.10  0.200  0.229
(-20,28)   (-19,31)    1.195  +0.005  +0.060  -0.059   66.86   80.08   3.48   9.11  0.241  0.231
(-16,24)   (-15,27)    0.862  +0.034  +0.051  +0.026   89.22   78.17  11.69   8.76  0.223  0.226
(-16,24)   (-14,27)    0.848  +0.021  +0.050  +0.154   91.00   78.44  11.70   7.58  0.230  0.235
(-20,28)   (-17,31)    1.243  +0.001  +0.041  -0.050   66.83   83.32   3.51   8.64  0.240  0.229
(-20,28)   (-17,30)    1.300  +0.007  +0.034  -0.049   66.83   87.09   3.48   8.90  0.241  0.214
(-24,24)   (-22,24)    1.006  +0.029  +0.032  +0.140   90.92   93.98  15.25   7.47  0.299  0.216
(-20,28)   (-20,30)    1.207  +0.007  +0.027  +0.003   66.86   80.90   3.53   8.95  0.241  0.226
(-20,20)   (-18,22)    1.149  +0.026  +0.024  +0.011   69.19   83.03  14.74   9.04  0.288  0.226
(-20,28)   (-18,31)    1.202  +0.006  +0.018  -0.045   66.84   80.52   3.48   8.64  0.241  0.227
(-20,28)   (-17,29)    1.254  +0.011  +0.015  -0.038   66.84   84.05   3.51   9.82  0.240  0.209
(-20,28)   (-18,29)    1.169  +0.002  +0.010  -0.070   66.87   78.37   3.50   9.04  0.241  0.213
(-24,24)   (-21,25)    0.896  +0.014  +0.006  -0.103   95.66   87.05  11.97   8.87  0.271  0.217
(-24,24)   (-21,24)    0.995  -0.006  +0.004  +0.057   91.38   92.46  11.72   8.01  0.262  0.214
(-20,24)   (-17,25)    0.797  -0.006  +0.002  +0.068   95.23   76.78  10.21   6.69  0.232  0.227
(-16,20)   (-14,21)    0.799  +0.004  +0.000  +0.024   86.08   69.26   7.06   6.90  0.209  0.238
(-20,28)   (-20,29)    1.312  +0.014  -0.001  +0.022   66.83   87.92   3.47  12.69  0.241  0.202
(-16,20)   (-13,21)    0.795  +0.002  -0.010  -0.040   86.28   69.17   7.68   7.05  0.211  0.241
(-20,28)   (-20,31)    1.156  +0.006  -0.015  +0.048   66.84   77.49   3.45  11.37  0.241  0.219
(-16,24)   (-13,27)    0.789  -0.006  -0.016  -0.146   89.97   71.88  10.31  11.68  0.293  0.221
(-20,28)   (-20,28)    1.388  -0.009  -0.018  -0.055   65.10   91.39   7.04  10.61  0.240  0.195
(-20,28)   (-19,30)    1.111  -0.006  -0.020  +0.045   66.86   74.48   3.47   7.24  0.241  0.221
(-20,24)   (-18,25)    0.842  -0.009  -0.021  -0.034   93.24   79.43  10.10   8.58  0.229  0.229
(-16,24)   (-16,26)    0.864  -0.014  -0.021  -0.241   93.42   82.14  12.51   8.33  0.260  0.209
(-24,24)   (-24,26)    0.896  -0.017  -0.027  -0.071   89.54   81.00   8.56   8.09  0.241  0.225
(-24,24)   (-21,27)    1.168  -0.020  -0.040  +0.024   77.13   91.60   9.84  10.99  0.199  0.198
(-16,24)   (-16,24)    0.957  -0.022  -0.040  +0.163   85.85   83.76  11.98   9.67  0.213  0.220
(-20,28)   (-18,30)    1.114  -0.003  -0.041  +0.068   66.81   74.66   3.50   7.05  0.240  0.221
(-20,20)   (-17,22)    1.200  -0.033  -0.046  +0.100   62.03   76.25   9.54   7.85  0.281  0.224
(-24,24)   (-23,26)    0.864  -0.021  -0.052  -0.133   92.56   81.09  10.78   8.37  0.250  0.221
(-24,24)   (-24,24)    0.983  -0.031  -0.054  +0.178   86.23   85.35   7.06  10.67  0.217  0.224
(-20,24)   (-18,24)    0.836  -0.039  -0.062  -0.101   90.45   76.44   9.33   7.01  0.224  0.222
(-20,24)   (-17,24)    0.903  -0.050  -0.063  +0.107   92.70   85.11  11.91   7.29  0.225  0.217
(-16,20)   (-16,20)    0.881  -0.022  -0.065  -0.049   87.40   77.71   8.30   7.74  0.207  0.231
(-20,28)   (-19,28)    1.104  -0.040  -0.072  +0.145   72.08   80.27   6.47  10.22  0.221  0.211
(-20,28)   (-19,29)    1.103  -0.000  -0.074  +0.058   66.85   73.92   3.50   7.82  0.241  0.210
(-16,24)   (-15,24)    0.908  -0.054  -0.094  -0.153   89.72   82.67  10.62   7.20  0.214  0.224
(-16,20)   (-16,22)    1.163  -0.067  -0.109  -0.140   59.03   70.43   9.22   8.91  0.288  0.230
(-16,20)   (-13,22)    0.884  -0.095  -0.148  +0.120   86.47   77.16   7.82   7.84  0.204  0.237
(-24,24)   (-23,25)    0.983  -0.074  -0.156  -0.158   90.83   90.61  10.64   8.21  0.244  0.219
(-24,24)   (-22,25)    0.952  -0.080  -0.171  -0.035   98.22   94.44   9.66   8.81  0.269  0.219
(-16,24)   (-15,26)    0.845  -0.109  -0.181  +0.174   90.88   78.28  11.93   8.66  0.253  0.224
(-24,24)   (-24,25)    0.934  -0.105  -0.187  -0.189   87.27   82.36   8.31   9.57  0.225  0.230
(-20,24)   (-20,25)    0.930  -0.116  -0.197  -0.009   88.89   83.89  10.22   9.23  0.240  0.220
(-20,24)   (-20,24)    0.839  -0.126  -0.199  +0.331   95.72   81.62  11.35   8.97  0.250  0.221
(-24,24)   (-23,27)    0.958  -0.142  -0.212  +0.208   86.71   84.55  10.82   9.49  0.207  0.207
(-16,24)   (-14,26)    0.699  -0.161  -0.252  -0.026  107.64   75.77   7.64   9.22  0.265  0.211
(-20,24)   (-19,25)    0.873  -0.193  -0.315  -0.058   90.22   79.90  10.05   8.99  0.221  0.224
(-16,20)   (-15,21)    0.864  -0.149  -0.320  -0.003   86.31   75.22   7.66   7.53  0.204  0.236
(-24,24)   (-24,27)    0.929  -0.226  -0.324  -0.200   87.50   82.23   8.12  11.09  0.224  0.211
(-16,20)   (-14,23)    0.929  -0.210  -0.326  +0.224   86.36   81.30   8.73  11.34  0.200  0.225
(-20,24)   (-18,26)    0.820  -0.236  -0.340  -0.187   98.40   82.14  12.22   7.94  0.248  0.227
(-16,24)   (-16,25)    0.938  -0.313  -0.438  -0.255   89.73   85.75  10.75   9.34  0.225  0.225

--- k binned by content agreement r8
r8 band           n   k mean     k sd    k min    k max twin mean
-1.0..0.0        37   0.9653   0.1505   0.6994   1.3875  -0.0073
0.0..0.2         33   0.9973   0.1611   0.7531   1.2998   0.0151
0.2..0.4         15   1.0355   0.1076   0.8602   1.2332   0.0512
0.4..0.6         10   1.1093   0.0813   0.9381   1.2441  -0.0530
0.6..0.8          1   1.1162   0.0000   1.1162   1.1162   0.1093

  cells with r8 >= 0.6 (n=1): k = 1.1162 +- 0.0000  (1/k = 0.8959)
  their saturation: ours 0.2437  vanilla 0.2049  ratio 1.1889
  their spread:     ours 15.148  vanilla 13.420
  a single k on those cells reduces |ours-van| from 10.665 to 2.101

  all 96 cells: k = 1.0038 +- 0.1489  min 0.6994 max 1.3875
wrote g3_cells.json
