tile           ours     van       k    satO    satV   s_fit   rgbRMS
(-12,12)     101.89   89.80  0.8755  0.2021  0.1802  0.9110   19.009
(-12,16)     100.59   83.19  0.8163  0.1873  0.1887  1.1521   24.029
(-12,20)      99.60   81.51  0.8036  0.1929  0.2004  1.1725   25.516
(-12,24)     110.82   78.27  0.6922  0.2679  0.2330  1.0494   37.106
(-12,28)     124.30   76.61  0.6152  0.0545  0.2353  1.0328   51.240
(-16,12)      99.49   85.68  0.8550  0.2121  0.1934  0.9587   20.258
(-16,16)      98.26   82.63  0.8333  0.1789  0.1995  1.2956   21.509
(-16,20)      81.80   76.26  0.9098  0.2228  0.2265  1.0792   16.326
(-16,24)      92.42   81.52  0.8644  0.2404  0.2174  0.8890   20.609
(-16,28)     126.79   82.23  0.6472  0.0181  0.2198 -0.2557   48.588
(-20,12)      91.65   84.05  0.8999  0.2074  0.2056  1.0437   18.054
(-20,16)      88.46   78.60  0.8718  0.2142  0.2233  1.1103   18.398
(-20,20)      71.65   84.33  1.1180  0.2655  0.2149  0.7430   21.897
(-20,24)      87.61   80.82  0.8916  0.2453  0.2215  0.8821   20.127
(-20,28)      66.87   80.55  1.1981  0.2409  0.2174  0.6134   18.092
(-24,12)      83.78   82.45  0.9527  0.2298  0.2139  0.9263   17.816
(-24,16)      91.47   81.44  0.8776  0.2467  0.2232  0.9057   18.398
(-24,20)      93.24   89.55  0.9500  0.2212  0.2113  0.9156   15.005
(-24,24)      89.07   88.16  0.9738  0.2419  0.2155  0.7872   15.739
(-24,28)      71.26   88.64  1.2411  0.1555  0.2096  0.1685   21.314
(-8,12)       89.46   82.22  0.9104  0.2008  0.1586  0.8589   14.857
(-8,16)       92.03   80.05  0.8623  0.1967  0.1870  1.0504   18.524
(-8,20)       93.39   82.09  0.8682  0.2278  0.2161  0.9501   19.447
(-8,24)      100.85   77.71  0.7629  0.1998  0.2293  1.3013   27.724
(-8,28)       92.58   73.76  0.7908  0.3133  0.2363  0.7379   24.375
(-20,20)      71.65   84.33  1.1180  0.2655  0.2149  0.7430   21.897
(-20,24)      87.61   80.82  0.8916  0.2453  0.2215  0.8821   20.127

  n = 27 tiles
  k (exposure)   mean 0.8923  sd 0.1436  min 0.6152  max 1.2411   23 tiles want k<1, 4 want k>1
  s (chroma)     mean 0.8853  sd 0.3139  min -0.2557  max 1.3013   17 tiles want s<1, 10 want s>1

  ONE global chroma pull s = 0.9156 (the census median), applied to every tile:
tile           rgbRMS     after     delta   
(-12,12)       19.009    18.986    -0.023   better
(-12,16)       24.029    24.089    +0.060   WORSE
(-12,20)       25.516    25.580    +0.064   WORSE
(-12,24)       37.106    37.150    +0.044   WORSE
(-12,28)       51.240    51.244    +0.003   WORSE
(-16,12)       20.258    20.259    +0.000   WORSE
(-16,16)       21.509    21.605    +0.096   WORSE
(-16,20)       16.326    16.372    +0.046   WORSE
(-16,24)       20.609    20.574    -0.035   better
(-16,28)       48.588    48.574    -0.014   better
(-20,12)       18.054    18.086    +0.033   WORSE
(-20,16)       18.398    18.455    +0.057   WORSE
(-20,20)       21.897    21.832    -0.066   better
(-20,24)       20.127    20.090    -0.037   better
(-20,28)       18.092    17.998    -0.094   better
(-24,12)       17.816    17.804    -0.012   better
(-24,16)       18.398    18.369    -0.029   better
(-24,20)       15.005    14.982    -0.023   better
(-24,24)       15.739    15.628    -0.110   better
(-24,28)       21.314    21.214    -0.100   better
(-8,12)        14.857    14.816    -0.042   better
(-8,16)        18.524    18.558    +0.033   WORSE
(-8,20)        19.447    19.443    -0.004   better
(-8,24)        27.724    27.824    +0.100   WORSE
(-8,28)        24.375    24.222    -0.153   better
(-20,20)       21.897    21.832    -0.066   better
(-20,24)       20.127    20.090    -0.037   better
  reduced on 16 of 27 tiles

  for contrast, ONE global exposure k = 0.8755 (the census median):
(-12,12)       19.009    14.033    -4.976   better
(-12,16)       24.029    16.500    -7.529   better
(-12,20)       25.516    17.883    -7.633   better
(-12,24)       37.106    25.116   -11.990   better
(-12,28)       51.240    36.411   -14.829   better
(-16,12)       20.258    14.247    -6.011   better
(-16,16)       21.509    14.686    -6.824   better
(-16,20)       16.326    14.698    -1.628   better
(-16,24)       20.609    16.167    -4.442   better
(-16,28)       48.588    33.607   -14.981   better
(-20,12)       18.054    15.561    -2.493   better
(-20,16)       18.398    14.421    -3.977   better
(-20,20)       21.897    26.594    +4.697   WORSE
(-20,24)       20.127    17.550    -2.577   better
(-20,28)       18.092    24.680    +6.589   WORSE
(-24,12)       17.816    18.359    +0.543   WORSE
(-24,16)       18.398    14.294    -4.104   better
(-24,20)       15.005    15.594    +0.589   WORSE
(-24,24)       15.739    17.640    +1.901   WORSE
(-24,28)       21.314    28.837    +7.523   WORSE
(-8,12)        14.857    12.699    -2.158   better
(-8,16)        18.524    13.461    -5.063   better
(-8,20)        19.447    14.866    -4.581   better
(-8,24)        27.724    17.995    -9.729   better
(-8,28)        24.375    16.155    -8.220   better
(-20,20)       21.897    26.594    +4.697   WORSE
(-20,24)       20.127    17.550    -2.577   better
  reduced on 20 of 27 tiles

wrote g4_census.json
