OFF
0 0
1 -1
341.333313 341.333313
-81920 98304
-81920 81920
-147456 -81920
-16384 -81920
114688 -81920
-16384 65536
98304 65536
1999999 -1999999
12345.6777 -98765.4297
-0.5 -0.5
-1024 -1024
1023.99988 1023.99988
A=683 L=1024 o1
-683 -11.6054077
-681.995911 -12.6026192
54.1258202 363.555603
-81937.6875 97650.5625
-82237.4688 81405.1328
-147842.812 -81692.625
-16019.8682 -82457.5625
115309.594 -82180.6875
-16472.3594 66076.2266
98806.1406 64941.6719
2000204.12 -2000178
12351.8486 -98764.1953
-683.498962 -12.1055136
-1474.45459 -1041.91089
1247.82056 783.856201
A=683 L=1024 o2
-522.335449 216.519058
-520.645203 215.547623
159.496246 369.749176
-81820.9531 97473.6562
-82155.8359 81570.9531
-147670.5 -81737.4219
-16068.8955 -82453.9297
115291.383 -82153.8828
-16368.5625 66240.6641
98765.1094 64881.7344
2000045.62 -2000369.25
12466.5166 -99043.7578
-523.032166 216.025055
-1580.53442 -977.758179
1057.76208 814.800598
A=1365 L=2048 o3
-1222.48669 450.623749
-1222.47351 451.483826
-460.373962 397.366272
-82618.2656 98786.1172
-82479.625 81236.7969
-146860.234 -82797.7734
-15238.2217 -82841.4688
115411.578 -82997.2422
-15967.833 66792.1797
97919.7812 67090.9609
1999449.88 -1999700.25
12388.1641 -98537.4062
-1224.01477 450.207672
-1887.16199 -1743.34058
346.064575 679.7099
A=341 L=2048 o1
-341 -5.79420805
-339.999481 -6.79385996
62.5228691 343.683929
-82101.5312 98333.9531
-82163.1328 81773.0312
-147483.219 -82216.8047
-16122.6055 -82052.3281
115007.055 -82204.3984
-16235.5527 65710.9688
98157.6875 65818.4062
1999824.62 -1999947.12
12420.0029 -98711.6562
-341.499878 -6.29422092
-1151.93408 -1049.02173
1013.8125 1021.65009
