Large-scale brightness: arm s10 vs floor today (luminance 0..255, box r=32)

   sheet        floor      arm    dMean |   SD(lpD)   SD(lpF)       r
    -20,  24   82.547   83.934   +1.387 |     0.713    10.952  +0.609
    -20,  20   80.731   82.367   +1.637 |     0.877    11.292  +0.518
    -36, -20   80.771   83.239   +2.467 |     0.619     7.687  +0.954
     -4, -20   76.568   78.255   +1.688 |     0.846    17.998  +0.477
     28, -20   73.309   74.731   +1.422 |     0.668     6.495  +0.894
     -4,  16   83.275   84.353   +1.078 |     0.808     5.373  +0.607
     24,  16   64.786   65.695   +0.908 |     0.674     7.889  +0.775
    -24, -24   70.246   70.429   +0.182 |     0.214     5.321  +0.249
    -12, -20   73.039   74.292   +1.253 |     0.760    11.795  +0.683
      4, -24   79.109   80.465   +1.356 |     0.585    22.632  +0.114
     20, -24   63.118   63.857   +0.739 |     0.300     4.802  +0.922
    -20,   4   92.218   94.230   +2.013 |     0.680     4.399  -0.291
     -8,   4   97.806   99.790   +1.984 |     0.706     5.184  -0.600
     12,   8   80.447   81.291   +0.843 |     0.965    15.862  +0.553

   dMean > 0 on 14 of 14 sheets, median +1.387; r > 0 on 12 of 14, median +0.607
