Large-scale brightness: arm fix vs floor today (luminance 0..255, box r=32)

   sheet        floor      arm    dMean |   SD(lpD)   SD(lpF)       r
    -20,  24   82.547   82.490   -0.057 |     0.155    10.952  -0.077
    -20,  20   80.731   80.704   -0.027 |     0.235    11.292  +0.504
    -36, -20   80.771   81.162   +0.391 |     0.210     7.687  +0.662
     -4, -20   76.568   76.682   +0.114 |     0.161    17.998  +0.112
     28, -20   73.309   73.486   +0.177 |     0.194     6.495  +0.733
     -4,  16   83.275   83.311   +0.036 |     0.160     5.373  -0.012
     24,  16   64.786   64.821   +0.034 |     0.162     7.889  +0.751
    -24, -24   70.246   69.892   -0.354 |     0.164     5.321  +0.031
    -12, -20   73.039   72.990   -0.049 |     0.287    11.795  +0.478
      4, -24   79.109   79.155   +0.045 |     0.126    22.632  -0.024
     20, -24   63.118   63.127   +0.009 |     0.112     4.802  +0.652
    -20,   4   92.218   92.104   -0.114 |     0.185     4.399  -0.137
     -8,   4   97.806   97.810   +0.005 |     0.147     5.184  -0.054
     12,   8   80.447   80.404   -0.044 |     0.141    15.862  +0.526

   dMean > 0 on 8 of 14 sheets, median +0.009; r > 0 on 9 of 14, median +0.478

