Large-scale brightness: arm s20 vs floor today (luminance 0..255, box r=32)

   sheet        floor      arm    dMean |   SD(lpD)   SD(lpF)       r
    -20,  24   82.547   84.775   +2.228 |     1.154    10.952  +0.607
    -20,  20   80.731   83.386   +2.656 |     1.436    11.292  +0.511
    -36, -20   80.771   84.630   +3.858 |     0.938     7.687  +0.955
     -4, -20   76.568   79.281   +2.713 |     1.332    17.998  +0.477
     28, -20   73.309   75.535   +2.226 |     1.056     6.495  +0.887
     -4,  16   83.275   85.045   +1.769 |     1.332     5.373  +0.605
     24,  16   64.786   66.200   +1.414 |     1.024     7.889  +0.770
    -24, -24   70.246   70.410   +0.163 |     0.328     5.321  +0.248
    -12, -20   73.039   75.074   +2.035 |     1.277    11.795  +0.688
      4, -24   79.109   81.282   +2.172 |     0.952    22.632  +0.133
     20, -24   63.118   64.279   +1.161 |     0.482     4.802  +0.924
    -20,   4   92.218   95.462   +3.245 |     1.066     4.399  -0.333
     -8,   4   97.806  100.966   +3.160 |     1.120     5.184  -0.618
     12,   8   80.447   81.818   +1.371 |     1.584    15.862  +0.564

   dMean > 0 on 14 of 14 sheets, median +2.226; r > 0 on 12 of 14, median +0.605
