model hollyshrubsmall01trimmed.nif
projection ortho
lodm Materials\Landscape\Plants\Holly.lodm none textures\landscape\plants\HollyShrub01_d.dds
mask tree
emissive 0 shapes 0
front 199.019 102.036 5.84914 97.5203 30.9401
side 199.019 102.036 5.84914 97.5203 30.9401
class 64 64
gap 4 4
coverage 16 128 160
oct 8 64 64 85.0214 85.0214 5.84914 97.5203 30.9401 3072 legacy 512 spec1
frameoff 0 0 -0.498222 -0.597868
frameoff 1 0 -0.996445 -0.597868
frameoff 2 0 -0.498222 -0.597868
frameoff 3 0 -0.498222 -0.597868
frameoff 4 0 -0.398579 -0.597868
frameoff 5 0 -0.298935 -0.597868
frameoff 6 0 -0.0996437 -0.597868
frameoff 7 0 0 -0.697512
frameoff 0 1 -0.398579 -0.597868
frameoff 1 1 -0.498222 0.298933
frameoff 2 1 -0.896799 0.398579
frameoff 3 1 -0.597866 0.498222
frameoff 4 1 -0.398575 4.58365
frameoff 5 1 -0.996445 4.58365
frameoff 6 1 -0.398579 1.89325
frameoff 7 1 -0.0996437 -0.797157
frameoff 0 2 -0.398577 -0.597868
frameoff 1 2 -0.398579 -2.09254
frameoff 2 2 -0.498222 -1.7936
frameoff 3 2 -0.797153 3.38791
frameoff 4 2 -0.896801 4.78293
frameoff 5 2 -0.69751 1.69396
frameoff 6 2 0 -2.19218
frameoff 7 2 -0.0996437 -0.896801
frameoff 0 3 0.199289 -0.896801
frameoff 1 3 0.199289 0.298933
frameoff 2 3 0.199289 4.28471
frameoff 3 3 -0.498222 0.498222
frameoff 4 3 -0.0996437 0.0996437
frameoff 5 3 0.0996437 1.99289
frameoff 6 3 -0.0996437 -1.69396
frameoff 7 3 -0.199287 -0.896801
frameoff 0 4 0.199287 -0.896801
frameoff 1 4 0.199287 -0.797155
frameoff 2 4 0.298935 2.88969
frameoff 3 4 -0.0996437 0.697512
frameoff 4 4 0.498222 0.398579
frameoff 5 4 -0.199289 3.98578
frameoff 6 4 -0.298933 -0.597866
frameoff 7 4 -0.199289 -0.896801
frameoff 0 5 0.0996437 -0.896801
frameoff 1 5 0.199291 -2.49111
frameoff 2 5 -1.19573 0.398579
frameoff 3 5 -0.199287 3.38791
frameoff 4 5 0.797153 3.38791
frameoff 5 5 0.498222 -1.89325
frameoff 6 5 0.398579 -1.39502
frameoff 7 5 0.398577 -0.597868
frameoff 0 6 0.0996437 -0.797157
frameoff 1 6 -0.398579 1.7936
frameoff 2 6 0.0996475 4.28471
frameoff 3 6 0.298931 4.28471
frameoff 4 6 0.797153 0.697512
frameoff 5 6 0.896799 0.996445
frameoff 6 6 0.498222 0.797155
frameoff 7 6 0.398579 -0.597868
frameoff 0 7 0 -0.697512
frameoff 1 7 0.0996437 -0.597868
frameoff 2 7 0.298935 -0.597868
frameoff 3 7 0.398579 -0.597868
frameoff 4 7 0.498222 -0.597868
frameoff 5 7 0.498222 -0.597868
frameoff 6 7 0.996445 -0.597868
frameoff 7 7 0.498222 -0.597868
frameclamped 0
aa 4 1024 1.25
framefit 78.9184 73.3383 79.6159 77.623
orthofit 84.4905 84.4905 0
