OFF
0 0 0
0.747070385 254.25293 0.744881702
0 0 0
254.994023 0.0071718757 0.00717170761
254.994023 0.00597656308 0.00597642301
254.989242 254.994023 254.983266
254.998805 254.994023 254.992828
0.00836718832 254.994023 0.00836699221
254.998805 0.00478125047 0.00478122805
0.0071718757 0.00478125047 1.34472683e-07
95.0238418 159.976158 59.6139182
43.0904222 165.270646 27.9277722
254.626465 254.626465 254.253477
254.999925 254.999925 254.999851
0 0 0
SIZE=256
0 0 0 1 1 0 1 0 0 0 125.333544 0
1 0 1 -1 0 0 0.00165097551 0.00451054898 0.993838476 1.10047528 124.392422 -0.0587791684
1 2 1 1 0 2 0.103133487 0.460399433 0.436467081 179.430309 42.6800927 7.41271978
-542 443 -542 444 -541 443 0.297496631 0.405006738 0.297496631 167.811006 186.23184 60.2794491
-505 369 -505 370 -504 369 0.247913859 0.504172281 0.247913859 50.1068516 233.392432 11.7650678
-391 -369 -391 -370 -392 -369 0.247913859 0.504172281 0.247913859 98.4642443 73.0240648 37.3245198
121 -369 121 -370 120 -369 0.247913859 0.504172281 0.247913859 -8.96415029 102.344672 -51.3470329
633 -369 633 -370 632 -369 0.247913859 0.504172281 0.247913859 102.74993 159.369958 0.997405731
-212 295 -212 296 -211 295 0.198331087 0.603337825 0.198331087 52.8416021 122.530519 0.486397182
236 295 236 296 237 295 0.198331087 0.603337825 0.198331087 58.6759933 178.476524 -3.10875165
12323 -9022 12323 -9021 12324 -9022 0.0506290195 0.906554461 0.0428165195 246.956372 121.056959 107.13039
271 -445 271 -446 270 -445 0.482145501 0.486318374 0.0315361257 182.964307 68.0167085 22.5309176
0 0 0 -1 -1 0 0.996919238 0.00225527449 0.000825487755 254.655943 125.034684 124.634883
-2 -5 -2 -4 -1 -5 0.309401077 0.381197846 0.309401077 138.001556 151.913578 63.3771834
2 5 2 4 1 5 0.309400461 0.381198298 0.309401242 -64.382595 149.793675 -76.7631082
SIZE=341.333313
0 0 0 1 1 0 1 0 0 0 125.333544 0
1 0 1 -1 0 0 0.00123823171 0.00338291194 0.995378856 1.01143684 124.441153 0.0473764502
0 1 0 2 1 1 0.422649791 0.154700494 0.422649715 205.266289 31.3850672 -2.32798319
-406 333 -406 332 -407 333 0.276873132 0.446225125 0.276901743 90.2406004 180.973317 12.0503665
-379 277 -379 278 -378 277 0.435941441 0.128145729 0.43591283 64.7727328 95.6366732 -13.22061
-293 -277 -293 -278 -294 -277 0.435901386 0.128145729 0.435952885 173.61953 101.44779 79.819885
91 -277 91 -278 90 -277 0.435924274 0.128145729 0.435929996 26.8680115 169.916796 15.019781
475 -277 475 -278 474 -277 0.435947163 0.128145729 0.435907108 150.830043 183.623557 56.6141947
-159 221 -159 222 -158 221 0.148744569 0.702516583 0.148738847 58.701203 198.906719 0.771370714
177 221 177 222 178 221 0.148724542 0.702516583 0.148758874 182.970496 71.3607147 32.5250261
9242 -6766 9242 -6765 9243 -6766 0.537824156 0.179512571 0.282663273 50.5278093 41.9171542 -3.54985354
204 -334 204 -335 203 -334 0.111601324 0.114758695 0.773639981 50.7059555 13.0290038 -22.8088222
0 0 0 -1 -1 0 0.997689428 0.00169145597 0.000619115854 254.648626 125.01597 124.670483
-1 -3 -1 -4 -2 -3 0.26794891 0.464101822 0.267949268 174.072492 100.871239 27.6421875
1 3 1 4 2 3 0.267949372 0.464101483 0.267949144 109.031032 58.0010458 -25.2050644
SIZE=512
0 0 0 1 1 0 1 0 0 0 125.333544 0
1 0 1 -1 0 0 0.000825487755 0.00225527449 0.996919238 0.922858245 124.489738 0.153391905
1 1 1 0 0 1 0.0515667434 0.230199716 0.71823354 195.974866 97.0633312 45.9169576
-271 221 -271 222 -270 221 0.148748316 0.702503369 0.148748316 184.333724 257.528556 161.016202
-252 185 -252 184 -253 185 0.37604307 0.247913859 0.37604307 125.043108 161.849959 47.0507824
-196 -185 -196 -184 -195 -185 0.37604307 0.247913859 0.37604307 61.048681 153.076883 -29.2032899
60 -185 60 -184 61 -185 0.37604307 0.247913859 0.37604307 186.380187 142.058895 53.0521401
316 -185 316 -184 317 -185 0.37604307 0.247913859 0.37604307 142.170631 187.346378 65.5392414
-106 147 -106 148 -105 147 0.0991655437 0.801668913 0.0991655437 145.283356 220.099647 115.355947
118 147 118 148 119 147 0.0991655437 0.801668913 0.0991655437 152.636712 55.204245 12.0703127
6161 -4511 6161 -4510 6162 -4511 0.0253145097 0.453277231 0.52140826 194.294085 48.3344909 6.47631925
135 -223 135 -222 136 -223 0.25892725 0.256840813 0.484231937 109.057449 35.9168904 -20.8142912
0 0 0 -1 -1 0 0.998459619 0.00112763724 0.000412743878 254.641273 124.997287 124.70603
-1 -3 -1 -2 0 -3 0.154700538 0.690598923 0.154700538 242.287187 35.4368981 7.85322718
1 3 1 2 0 3 0.15470023 0.690599149 0.154700621 215.163032 179.102303 128.192338
SIZE=682.666687
0 0 0 1 1 0 1 0 0 0 125.333544 0
1 0 1 -1 0 0 0.000619115798 0.00169145582 0.997689428 0.878740598 124.513977 0.20634684
0 0 0 1 1 0 0.211324966 0.577350196 0.211324838 147.481707 105.50448 14.0760112
-203 167 -203 166 -204 167 0.138439862 0.723127429 0.138432709 173.758526 129.768552 60.7137568
-189 139 -189 138 -190 139 0.282033814 0.435939524 0.282026662 270.255471 143.516191 121.709363
-147 -139 -147 -138 -146 -139 0.282023801 0.435939524 0.282036675 23.5855277 91.2726591 -32.7560522
45 -139 45 -138 46 -139 0.282029523 0.435939524 0.282030953 99.3176564 79.0755543 -38.3962305
237 -139 237 -138 238 -139 0.282035245 0.435939524 0.282025231 94.8770627 188.742281 28.4956158
-79 111 -79 110 -80 111 0.425624906 0.148751619 0.425623475 136.958766 62.1487244 5.64057253
89 111 89 110 88 111 0.425619899 0.148751619 0.425628482 31.8031507 208.392164 1.86339118
4621 -3383 4621 -3382 4622 -3383 0.769022784 0.0900587415 0.140918474 168.682183 89.3674936 30.6624953
102 -167 102 -168 101 -167 0.555806513 0.0573644114 0.386829075 224.866532 184.765902 112.034376
0 0 0 -1 -1 0 0.998844714 0.000845727908 0.000309557899 254.637584 124.987956 124.723783
-1 -2 -1 -1 0 -2 0.366025333 0.267949244 0.366025423 136.270915 113.024648 -22.0437562
1 2 1 1 0 2 0.366025102 0.267949413 0.366025485 213.901133 81.698058 44.8162647
