E-low 15 3 3 0.550312 14 2 3 0.224844 11 3 2 0.224844
E-high 10 2 2 0.764491 11 3 2 0.117755 14 2 3 0.117755
NE-low 11 3 2 0.333710 10 2 2 0.166290 7 3 1 0.500000
NE-high 6 2 1 0.253677 7 3 1 0.246323 10 2 2 0.500000
N-low 2 2 0 0.000000 3 3 0 0.775156 6 2 1 0.224844
N-high 2 2 0 0.000000 3 3 0 0.117755 6 2 1 0.882245
NW-low 1 1 0 0.333710 2 2 0 0.500000 5 1 1 0.166290
NW-high 6 2 1 0.253677 5 1 1 0.500000 2 2 0 0.246323
W-low 0 0 0 0.550311 1 1 0 0.224844 4 0 1 0.224845
W-high 5 1 1 0.764490 4 0 1 0.117755 1 1 0 0.117755
SW-low 4 0 1 0.333710 5 1 1 0.166290 8 0 2 0.500000
SW-high 9 1 2 0.253677 8 0 2 0.246323 5 1 1 0.500000
S-low 13 1 3 0.000000 12 0 3 0.775156 9 1 2 0.224844
S-high 8 0 2 0.000000 9 1 2 0.882245 12 0 3 0.117755
SE-low 14 2 3 0.333710 13 1 3 0.500000 10 2 2 0.166290
SE-high 9 1 2 0.253677 10 2 2 0.500000 13 1 3 0.246323
horizon-E 15 3 3 1.000000 14 2 3 0.000000 11 3 2 0.000000
horizon-N 2 2 0 0.000000 3 3 0 1.000000 6 2 1 0.000000
top 5 1 1 0.000000 6 2 1 0.500000 9 1 2 0.500000
below 15 3 3 0.250000 14 2 3 0.000000 11 3 2 0.750000
