E-low 54 6 6 0.049274 55 7 6 0.475363 62 6 7 0.475363
E-high 45 5 5 0.882856 44 4 5 0.058572 37 5 4 0.058572
NE-low 39 7 4 0.111991 38 6 4 0.388009 31 7 3 0.500000
NE-high 29 5 3 0.258579 30 6 3 0.241421 37 5 4 0.500000
N-low 6 6 0 0.000000 7 7 0 0.475363 14 6 1 0.524637
N-high 29 5 3 0.000000 28 4 3 0.058572 21 5 2 0.941428
NW-low 3 3 0 0.111991 4 4 0 0.500000 11 3 1 0.388009
NW-high 20 4 2 0.258579 19 3 2 0.500000 12 4 1 0.241421
W-low 9 1 1 0.049274 8 0 1 0.475363 1 1 0 0.475363
W-high 18 2 2 0.882856 19 3 2 0.058572 26 2 3 0.058572
SW-low 24 0 3 0.111991 25 1 3 0.388009 32 0 4 0.500000
SW-high 34 2 4 0.258579 33 1 4 0.241421 26 2 3 0.500000
S-low 48 0 6 0.000000 49 1 6 0.524637 56 0 7 0.475363
S-high 43 3 5 0.000000 42 2 5 0.941428 35 3 4 0.058572
SE-low 60 4 7 0.111991 59 3 7 0.500000 52 4 6 0.388009
SE-high 43 3 5 0.258579 44 4 5 0.500000 51 3 6 0.241421
horizon-E 63 7 7 1.000000 62 6 7 0.000000 55 7 6 0.000000
horizon-N 6 6 0 0.000000 7 7 0 1.000000 14 6 1 0.000000
top 27 3 3 0.000000 28 4 3 0.500000 35 3 4 0.500000
below 55 7 6 0.250000 54 6 6 0.000000 47 7 5 0.750000
