E-low 130 10 10 0.648859 131 11 10 0.175571 142 10 11 0.175571
E-high 104 8 8 0.530202 103 7 8 0.234899 92 8 7 0.234899
NE-low 70 10 5 0.109729 71 11 5 0.390271 82 10 6 0.500000
NE-high 68 8 5 0.263482 69 9 5 0.236518 80 8 6 0.500000
N-low 23 11 1 0.000000 22 10 1 0.824429 11 11 0 0.175571
N-high 56 8 4 0.000000 55 7 4 0.234899 44 8 3 0.765101
NW-low 18 6 1 0.109729 17 5 1 0.500000 6 6 0 0.390271
NW-high 42 6 3 0.263482 41 5 3 0.500000 30 6 2 0.236518
W-low 13 1 1 0.648859 12 0 1 0.175571 1 1 0 0.175571
W-high 39 3 3 0.530202 40 4 3 0.234899 51 3 4 0.234899
SW-low 73 1 6 0.109729 72 0 6 0.390271 61 1 5 0.500000
SW-high 75 3 6 0.263482 74 2 6 0.236518 63 3 5 0.500000
S-low 120 0 10 0.000000 121 1 10 0.824429 132 0 11 0.175571
S-high 100 4 8 0.000000 99 3 8 0.765101 88 4 7 0.234899
SE-low 125 5 10 0.109729 126 6 10 0.500000 137 5 11 0.390271
SE-high 101 5 8 0.263482 102 6 8 0.500000 113 5 9 0.236518
horizon-E 143 11 11 1.000000 142 10 11 0.000000 131 11 10 0.000000
horizon-N 10 10 0 0.000000 11 11 0 1.000000 22 10 1 0.000000
top 65 5 5 0.000000 66 6 5 0.500000 77 5 6 0.500000
below 119 11 9 0.250000 118 10 9 0.000000 107 11 8 0.750000
