chunk.instances 676
00145957 1 000393CD -79790.9675 112515.4668 10031.5754 0.697021
00145973 1 000393CD -81309.4907 111341.1989 10362.8026 0.951172
00145B5F 1 000393CD -81482.4933 114230.7430 11171.8614 0.980103
00145957 4 00049532 -80164.2232 111963.9584 9826.9222 0.977539
00145973 4 00049532 -81884.2495 110636.6882 10085.0119 1.333984
00145978 4 0003E08D -79728.2166 111604.9530 10139.7003 0.852539
00145958 4 000503B6 -80319.4756 112637.7187 10084.6824 0.866455
00145958 2 000531AE -80354.2261 112714.9699 9972.4065 1.014648
00145B5F 3 000531AE -81324.9909 114279.7438 11192.4189 0.732544
00145B5F 4 000531B3 -81337.4911 114246.4933 11151.7650 0.960327
00145978 3 0003E08F -79649.2154 111591.2027 10058.5242 0.872192
00145958 8 0004A073 -80361.4762 112676.2193 9794.8998 0.809448
00145976 1 0004A073 -79259.9594 110610.4378 10234.5154 0.901611
00145B65 -1 0004A073 -80905.4845 113260.9782 10628.2060 0.550049
00145956 1 0004A074 -80034.4712 112303.7136 10153.2735 0.639160
00145956 2 0004A074 -80030.7212 112216.4623 9922.3963 0.713989
00145957 5 0004A074 -79901.9692 112534.7171 9703.3132 0.790527
00145959 1 0004A074 -80797.2329 110726.9396 10331.1097 0.499146
00145973 5 0004A074 -81407.9922 111345.1990 9899.5984 1.078857
00145B67 1 0004A074 -80888.9843 112610.7183 10374.8604 0.742554
00145B67 2 0004A074 -80968.4855 112557.7175 10104.3834 0.829468
00145954 1 0004A075 -79495.9630 110907.1923 10113.3444 0.547241
00145958 3 0004A075 -80325.9757 112871.4723 9858.8128 0.877808
00145959 2 0004A075 -80727.7318 110710.6893 10387.2476 0.627197
00145959 3 0004A075 -80743.7321 110645.6883 10363.7250 0.492798
0014595C 1 0004A075 -80599.7299 110766.1902 10320.3696 0.872192
00145974 1 0004A075 -81222.2394 110669.9387 10002.9134 0.900879
00145976 2 0004A075 -79199.4585 110746.4399 10104.7129 0.833008
00145B5E 1 0004A075 -81575.4947 114452.4964 11038.1054 1.009399
00145B66 1 0004A075 -80727.4818 112996.4742 10355.6206 0.516846
00145B66 2 0004A075 -80860.7338 112949.2235 10331.7027 0.598389
001458F0 -1 000C16FD -75769.4061 112970.2238 10335.3925 1.000000
001458EE -1 000C8D79 -74239.8828 113663.9844 10145.7621 1.000000
001458EF -1 000BA558 -77155.4273 113084.9755 10077.5663 1.000000
001459AB 4 000503B6 -75514.1523 114248.2433 10593.4822 0.881592
001459AB 2 000531AE -75581.6533 114298.9941 10477.9776 1.032349
001459A7 1 0004A073 -76695.9203 114276.9937 10387.6430 0.836426
001459AB 8 0004A073 -75562.6530 114263.7435 10297.2424 0.823608
001459A4 1 0004A074 -77153.6773 113406.2304 10527.0654 0.836548
001459A4 2 0004A074 -77082.9262 113331.7293 10220.7445 0.934448
001459AC 1 0004A074 -76007.1598 114153.2418 10388.1042 0.842407
00145B5D 1 0004A074 -74047.3799 114603.2487 10497.8104 0.678589
001459A3 1 0004A075 -75214.1477 113751.2357 10257.2474 0.855347
001459A5 1 0004A075 -77242.9286 113016.4745 10325.5090 0.813354
001459A6 1 0004A075 -77068.1760 113935.9885 10481.6016 0.791748
001459AB 3 0004A075 -75635.9041 114451.4964 10362.7367 0.893188
001459AC 2 0004A075 -76129.4116 114116.2413 10472.8383 1.058350
001459AC 3 0004A075 -76154.9120 114228.2430 10439.3663 0.831543
00145B5D 2 0004A075 -74130.6311 114664.7496 10565.3473 0.852539
001458F3 -1 000329A7 -71389.8393 112257.7129 9724.2002 1.000000
00145991 -1 0003A28B -71492.5909 110986.1935 10193.0050 0.479980
00145992 1 00038599 -71566.3420 111248.9475 10056.8111 0.887939
0014597B 1 000393CD -70213.3214 111129.6957 10278.1344 0.754395
00145992 2 00049532 -71448.5902 111444.4505 10071.6363 0.865845
00145980 1 0004A073 -70424.5746 111945.9582 10325.2455 0.625610
00145983 1 0004A073 -70453.0750 112259.4629 10288.0178 1.002808
00145984 1 0004A073 -69876.0662 112709.9698 9738.5642 1.132202
00145988 1 0004A073 -70220.0715 112900.2227 9824.0230 0.928223
0014597B 5 0004A074 -70282.0724 111072.9448 9913.2376 0.855591
0014597F 1 0004A074 -69644.5627 111962.4584 9968.1896 0.850220
00145985 1 0004A074 -69798.3150 113128.4762 9940.8454 0.624023
00145A46 -1 0004A074 -71799.0956 110662.6886 10057.9312 0.969971
00145979 2 0004A075 -69640.8126 110637.4382 10030.6529 0.881958
00145980 2 0004A075 -70458.5751 111852.2067 10231.2869 0.578003
00145981 1 0004A075 -70945.5825 111524.2017 10106.7554 0.583252
00145982 1 0004A075 -70916.5821 112049.7097 10033.5521 1.019165
00145983 2 0004A075 -70294.8226 112307.2137 10143.1924 0.926514
00145985 2 0004A075 -69752.3143 113044.2249 10001.9250 0.784058
00145985 3 0004A075 -69830.5655 113009.7244 9978.0071 0.615967
00145986 1 0004A075 -70516.5760 112684.2194 10021.8237 1.010132
00145987 1 0004A075 -70837.3309 112937.4733 10005.0877 0.791748
00145A45 -1 0004A075 -71888.3469 110718.4394 10145.2350 0.650024
0014598E -1 0003A28B -68093.2890 110993.1936 10195.3111 0.810059
0014598A 4 0003E08D -67247.7761 111841.9566 10139.7003 0.826538
0014598B 4 000503B6 -67165.5249 111237.1973 10038.1643 0.683960
0014598B 2 000531AE -67101.7739 111219.9471 9949.0816 0.801025
0014598A 3 0003E08F -67213.2756 111907.4576 10057.4041 0.845459
0014597E 1 0004A073 -68902.0514 112048.7097 10278.7274 0.662354
0014598B 8 0004A073 -67123.2742 111242.4474 9808.9343 0.639038
0014597A 1 0004A074 -69343.3081 111167.9463 9942.0973 0.850220
0014597C 1 0004A074 -68850.3006 111666.7039 10189.6446 1.118652
0014597C 2 0004A074 -68724.7987 111758.7053 9786.5318 1.249512
0014598C 1 0004A074 -66534.2652 111058.6946 9983.2783 0.987061
0014598C 2 0004A074 -66598.0162 110957.6931 9621.2147 1.102539
00145B58 1 0004A074 -65673.5021 111784.2057 9961.7983 1.043457
00145B58 2 0004A074 -65607.0011 111678.4541 9578.5841 1.165527
0002C576 -1 0004A075 -66720.0181 110847.9414 9984.0031 0.780029
00145979 3 0004A075 -69566.3115 110697.6891 10002.9134 0.692993
0014597A 2 0004A075 -69425.5593 111270.1978 10024.1298 1.068237
0014597A 3 0004A075 -69326.3078 111333.4488 9996.2585 0.839355
0014597E 2 0004A075 -68918.5516 112152.2113 10178.1139 0.612061
0014597F 2 0004A075 -69537.3111 111892.4573 10054.7685 1.068237
0014597F 3 0004A075 -69609.5622 111800.7059 10024.3275 0.839355
0014598B 3 0004A075 -67020.0226 111124.6956 9859.2740 0.692993
00145B59 1 0004A075 -65900.5056 111386.9496 9851.8285 1.037354
00091544 1 00038599 -80327.9757 106884.3809 9467.9555 0.752075
0009158D -1 00038599 -80732.2319 107250.1365 9718.2702 0.530029
0018AB93 -1 000A7206 -81807.2483 107050.3835 9009.1659 0.729980
0009154A -1 000393CD -80600.7299 106530.1255 9267.1897 0.599976
00145962 1 000393CD -79780.2173 107453.1396 9688.0927 1.039551
00145971 1 000393CD -80780.2326 108321.9029 9842.2745 0.664185
0014593C 4 00049532 -78179.4429 108688.4085 9790.6170 1.207520
00145971 4 00049532 -80182.9735 108178.1507 9590.6419 0.931519
00091543 4 0003E08D -81021.2363 107448.8895 9790.4852 0.939575
0014595B 4 0003E08D -80503.2284 110429.9350 10432.2502 0.835205
00145975 4 0003E08D -78795.9523 110072.4296 10414.7236 0.739502
00145943 4 000503B6 -78538.6984 106971.1322 9851.6967 0.729614
00145961 4 000503B6 -80193.4737 109207.9164 10247.0345 0.531982
00145963 4 000503B6 -79122.2073 107958.6473 9922.2645 0.494019
00145943 2 000531AE -78467.6973 106996.1326 9760.2419 0.854370
00145961 2 000531AE -80141.4729 109188.6661 10180.7495 0.623047
00145962 3 000531AE -79931.2197 107542.6410 9705.2240 0.776978
00145963 2 000531AE -79075.4566 107973.1475 9858.8128 0.578491
00145962 4 000531B3 -79894.2191 107557.1412 9663.9771 1.018555
00091543 3 0003E08F -81064.7369 107416.3890 9677.1550 0.961182
0014595B 3 0003E08F -80470.9779 110496.9360 10348.7022 0.854370
00145975 3 0003E08F -78794.7023 110137.9306 10340.4660 0.756470
00145943 8 0004A073 -78492.4477 107002.1327 9609.2228 0.681641
00145944 1 0004A073 -79546.4638 108418.4043 9989.8013 0.524414
0014594B 1 0004A073 -78426.6967 108875.1613 9942.6244 0.826172
0014594D 1 0004A073 -78695.9508 109326.4182 9954.6163 0.958740
0014595F 1 0004A073 -80232.7243 109364.9188 9908.6253 0.846558
00145961 8 0004A073 -80150.7230 109205.9164 10070.7797 0.496948
00145963 8 0004A073 -79095.4569 107979.8976 9757.3427 0.461548
00145967 1 0004A073 -81089.2373 108857.4110 9318.9790 0.989380
0014596D 1 0004A073 -81359.4914 108083.1492 9406.1510 0.826172
00145941 1 0004A074 -78082.1914 107572.3914 9751.6762 0.764404
0014594E 1 0004A074 -78667.9504 109651.1731 10261.0690 0.902344
0014594E 2 0004A074 -78588.9492 109579.9221 9929.1829 1.008057
00145971 5 0004A074 -80786.4827 108235.9015 9522.9733 0.753296
00145A5B -1 0004A074 -80413.2270 108057.8988 9507.4892 0.760010
00052D2D -1 0004A075 -78344.6954 106869.1307 9880.4246 0.689941
0014593F 1 0004A075 -77831.6876 107992.3978 9878.7773 0.790405
0014593F 2 0004A075 -77959.1896 108167.1505 9843.1310 0.915161
00145940 1 0004A075 -79495.7130 108496.9055 10036.6489 0.480225
00145941 2 0004A075 -77993.1901 107646.8926 9828.4376 0.960449
00145941 3 0004A075 -77934.6892 107558.3912 9804.4538 0.754639
00145943 3 0004A075 -78332.6953 106965.1322 9671.5544 0.739258
00145944 2 0004A075 -79585.9644 108344.9032 9910.8656 0.484497
0014595D 1 0004A075 -80651.7306 109709.4240 9936.8920 1.010132
0014595E 1 0004A075 -80447.9775 109533.4213 9853.6075 0.891846
00145961 3 0004A075 -80081.7220 109107.9149 10115.1893 0.538940
00145963 3 0004A075 -78987.7053 107946.8971 9795.1634 0.500488
00145965 1 0004A075 -81406.9922 108845.4108 9462.6184 0.626343
00145966 1 0004A075 -81760.9976 109270.4173 9500.7685 0.729614
00145966 2 0004A075 -81671.2462 109092.4146 9467.1648 0.844849
0014596A 1 0004A075 -80285.9751 108027.3984 9329.3896 0.970215
0014596C 1 0004A075 -80742.4820 108078.1491 9779.1522 0.516846
0014596C 2 0004A075 -80701.7314 107947.1471 9737.8394 0.598389
0014596E 1 0004A075 -80295.9752 107076.6339 9206.5054 0.793823
00145A4C -1 0004A075 -78203.1933 107906.3965 10066.9581 0.810059
0009146B -1 0003A28B -75919.9084 106567.8761 9815.9845 0.729980
0014598F -1 0003A28B -74101.1307 108061.6489 9543.5309 0.719971
00090FD2 2 00038599 -76284.9140 107513.6405 9634.3927 1.285156
00091497 1 00038599 -75469.6516 106508.8752 9456.0294 0.745239
00145951 1 00038599 -76535.4178 110323.4334 10062.3458 0.676147
00145935 1 000393CD -75891.1580 108618.6574 9787.3225 0.721558
00145937 1 000393CD -75216.3977 107560.3912 9493.0594 0.951172
0014593C 1 000393CD -77528.1830 108200.1510 10069.7914 0.860962
00090FD2 4 00049532 -76607.6689 108552.1564 9387.1748 1.558960
00090FD3 4 00049532 -74713.3900 106510.8752 8564.2791 1.545776
00145935 4 00049532 -76342.6649 109113.1649 9519.5470 1.011963
00145937 4 00049532 -75286.8988 106675.8777 9151.6852 1.333984
00145933 4 000503B6 -75090.8958 108985.6630 9850.3789 0.645996
00145946 4 000503B6 -76543.4180 107537.8909 9709.5727 0.676392
00145933 2 000531AE -75152.3967 109007.1633 9768.2145 0.756470
00145946 2 000531AE -76531.9178 107473.6399 9621.4124 0.792114
00091493 1 0004A073 -74477.3864 106894.1311 9244.5237 0.965942
00145930 1 0004A073 -75601.6536 109499.9208 9570.2821 0.989380
00145931 1 0004A073 -75285.6488 109743.9246 10056.2181 0.828003
00145933 8 0004A073 -75137.6465 108985.6630 9635.1175 0.603516
00145934 1 0004A073 -75779.1563 109264.4172 9925.6907 0.689941
0014593E 1 0004A073 -77105.9265 108031.6484 9536.8760 0.968994
00145946 8 0004A073 -76518.6676 107502.6404 9483.0442 0.631958
00145947 1 0004A073 -74891.6428 108402.1541 9668.6553 0.781982
002255AB 1 0004A073 -77659.9350 106592.3765 9906.0556 0.616455
00145932 1 0004A074 -74913.8931 109235.9168 9685.2595 0.818970
00145935 5 0004A074 -75830.4071 108699.6586 9442.5221 0.818359
00145937 5 0004A074 -75323.3993 107540.3909 9032.0955 1.078857
00145939 1 0004A074 -75670.9046 107413.6390 9488.9742 0.930542
00145939 2 0004A074 -75622.4039 107522.6407 9149.9062 1.039551
0014593C 5 0004A074 -77509.4327 108292.1524 9651.5240 0.976440
00145A3B -1 0004A074 -74694.1397 109403.6694 10023.8004 0.489990
00145A3F -1 0004A074 -74280.8834 109068.4143 9874.8898 0.250000
00145A53 -1 0004A074 -77053.1757 107401.1388 9851.4331 0.569946
00091487 1 0004A075 -75595.9035 107051.3835 9391.5894 0.900879
00091491 1 0004A075 -75042.1451 106963.1321 9254.9343 0.683960
00091492 1 0004A075 -74926.8933 107292.6372 9240.2409 0.691162
00091493 2 0004A075 -74625.6387 106933.3817 9098.5123 0.892456
00145924 1 0004A075 -73765.3756 106699.1281 9042.5720 0.737183
00145924 2 0004A075 -73963.1286 106733.8786 9003.8948 0.853638
00145931 2 0004A075 -75168.6470 109816.4257 9938.0121 0.765015
00145932 2 0004A075 -75025.3948 109285.1676 9771.1137 1.029053
00145932 3 0004A075 -74971.1440 109383.9191 9741.8587 0.808472
00145933 3 0004A075 -75225.1478 109103.1648 9686.3796 0.654541
00145934 2 0004A075 -75827.9070 109161.4157 9826.3951 0.637451
0014593A 1 0004A075 -76553.4181 108279.9022 9720.5104 0.791748
00145945 1 0004A075 -77409.9312 107283.1370 9809.7909 0.656616
00145946 3 0004A075 -76582.6686 107361.1382 9531.8025 0.685303
00145947 2 0004A075 -74792.6412 108316.9028 9557.8289 0.722534
00145949 1 0004A075 -75011.3946 107896.8964 9371.6248 0.881958
00145950 1 0004A075 -76116.6614 109934.1775 9929.1829 0.852539
00145952 1 0004A075 -75795.1565 110404.6846 9879.8316 0.767578
00145952 2 0004A075 -75974.4093 110516.1863 9851.2355 0.888794
00145953 1 0004A075 -76294.4142 110464.9356 9925.0977 0.561646
00145A3C -1 0004A075 -74321.6341 110206.1816 10016.4208 0.430054
00145A3D -1 0004A075 -74533.6373 108939.1623 9863.2274 0.500000
00145A40 -1 0004A075 -73896.1276 110543.9368 10064.5202 0.599976
00145A4F -1 0004A075 -75070.6455 108712.1588 9780.3382 0.670044
00145A52 -1 0004A075 -77236.9285 107651.8926 9965.2245 0.819946
002255AB 2 0004A075 -77740.9362 106646.1273 9812.4923 0.569458
002255AC 1 0004A075 -77602.6841 106599.1266 9778.0321 0.509155
002255AC 2 0004A075 -77701.9356 106696.1281 9751.4785 0.589600
00090F63 -1 0001F0FC -69925.5670 107184.6355 9063.7225 1.000000
0014590B 1 00038599 -70976.5830 108984.1630 9395.4110 0.745239
00145912 2 00038599 -69949.0673 109518.4211 9775.3965 0.920166
00145913 1 00038599 -70018.3184 109756.9248 9822.2440 0.759033
0014590A 1 000393CD -70965.3328 109081.6645 9430.0689 1.069214
00145912 1 000393CD -69935.3171 109652.6732 9485.0209 1.733398
0014591D 2 000393CD -71523.5914 108733.4091 8958.1674 0.819946
0014591E 1 000393CD -71509.8412 108215.6512 8881.2742 0.722046
0014591F 1 000393CD -71561.5919 106731.6286 8516.4432 0.881104
00145921 1 000393CD -70850.0811 107176.6354 8773.9399 0.844604
0014597B 4 00049532 -69953.0674 110472.1857 10016.9479 1.057983
00145920 4 0003E08D -71209.3366 107929.6469 8857.6198 1.017944
00145929 4 0003E08D -71554.3418 106596.1265 8612.5103 0.782959
0014592C 4 0003E08D -73006.8640 107834.3954 9215.9276 0.896118
0014592D 4 0003E08D -72544.3569 107852.3957 9040.5953 0.826538
002255EA 4 0003E08D -71396.8394 106992.3826 8568.3643 1.104858
002255C4 1 0004D93B -73183.8667 106615.8768 9058.8467 0.770020
0014590C 4 000503B6 -71229.8369 109033.6637 9315.4868 0.911987
00145919 4 000503B6 -70789.8302 110454.1854 9954.0892 0.782837
00145927 4 000503B6 -73476.1212 106636.3771 9160.7780 0.813232
0014592F 4 000503B6 -72357.6041 107424.8892 8806.7530 0.729614
0014590A 3 000531AE -71039.3340 109246.6670 9444.7623 0.799194
0014590C 2 000531AE -71307.5881 109075.9144 9196.8196 1.067993
00145919 2 000531AE -70779.5800 110379.9343 9851.4990 0.916748
0014591F 3 000531AE -71665.3435 106625.1270 8530.8731 0.658569
00145927 2 000531AE -73460.8709 106715.3783 9056.2770 0.952271
0014592F 2 000531AE -72292.8531 107456.6397 8712.7944 0.854370
0014590A 4 000531B3 -71000.3334 109235.9168 9402.0658 1.047607
0014591F 4 000531B3 -71669.5936 106658.1275 8495.6221 0.863281
002255C4 4 000531B3 -73024.8643 106647.3773 9024.5841 0.739990
00145920 3 0003E08F -71295.8379 107949.3972 8754.2389 1.041260
00145929 3 0003E08F -71600.8425 106539.1257 8537.8574 0.801025
0014592C 3 0003E08F -72934.3629 107861.6458 9124.4069 0.916748
0014592D 3 0003E08F -72472.6058 107859.8958 8956.7837 0.845459
002255EA 3 0003E08F -71304.3380 107002.6327 8453.5845 1.130249
00090FC6 -1 0004A073 -70770.0799 106536.8756 8458.3286 0.949951
0014590C 8 0004A073 -71287.5878 109039.1638 9010.0225 0.852051
00145919 8 0004A073 -70767.8298 110414.1848 9691.1236 0.731323
0014591C 1 0004A073 -71912.3473 108368.9036 8495.9516 1.040405
00145927 8 0004A073 -73478.6212 106688.8779 8888.5879 0.759644
0014592F 8 0004A073 -72324.6036 107461.8897 8562.9613 0.681641
0014590E 1 0004A074 -70280.8224 108219.1513 9029.1964 0.873657
00145921 5 0004A074 -70980.5831 107147.6349 8375.1759 0.957886
00145A37 -1 0004A074 -73128.3659 108519.9059 9434.2858 0.439941
00145A39 -1 0004A074 -72068.8497 108729.4091 9143.0537 1.150024
00145A50 -1 0004A074 -73652.1238 108418.6543 9555.5887 0.839966
002255EB -1 0004A074 -71103.8350 106721.8784 8570.0115 1.150024
0014590C 3 0004A075 -71384.0892 109224.4166 9076.9005 0.923950
0014590E 2 0004A075 -70354.3235 108331.6530 9114.1281 1.097656
0014590E 3 0004A075 -70247.8219 108387.6539 9082.8305 0.862427
0014590F 1 0004A075 -69955.5674 108367.9036 9397.7171 0.646851
00145914 1 0004A075 -70271.0723 109683.9236 9532.3955 0.645996
00145914 2 0004A075 -70105.5697 109619.4227 9508.4117 0.748047
00145916 1 0004A075 -71082.0846 110498.6861 9902.6294 0.755249
00145919 3 0004A075 -70842.5810 110251.1823 9748.6453 0.793091
00145922 1 0004A075 -71395.8394 106660.8775 8461.8207 0.881958
00145927 3 0004A075 -73356.6193 106826.6300 8954.4775 0.823853
0014592A 1 0004A075 -73178.3666 107891.6463 9133.5656 0.691162
0014592F 3 0004A075 -72159.6011 107437.8894 8618.1110 0.739258
00145A31 -1 0004A075 -73430.3705 107888.6463 9429.4759 0.750000
00145A32 -1 0004A075 -73280.1182 106785.1294 9156.2316 0.640015
00145A42 -1 0004A075 -71806.8457 109250.1670 9463.6726 0.599976
002255E3 1 0004A075 -72007.8488 106546.8758 8524.1523 0.471191
002255E3 2 0004A075 -72134.3507 106572.8762 8503.8583 0.545654
0014591E 2 0003E0D1 -71609.8427 108368.9036 8858.3446 0.687256
002255C4 3 0003E0D1 -73027.8643 106646.3773 9089.4854 0.699951
0002C507 -1 0001F0FC -66240.0107 110261.6825 9269.6277 1.000000
0002C4F9 4 00121550 -69100.8044 108162.6504 9473.8196 0.630005
0002C4F9 7 0012154F -69102.3044 107964.3974 9438.1733 0.849976
0002C4F9 0 000D9CA9 -69240.8065 108091.3993 9455.7659 0.790039
0002C4FE 0 000D9CA9 -65563.7504 109406.1694 9543.3332 0.760010
0002C4FE 1 000D9CA9 -65644.7517 109669.1734 9528.7716 0.969971
0002C4F9 5 000393CD -68994.5528 108100.6495 9446.7390 0.739990
00225614 1 000393CD -66335.0122 106537.3756 8935.2378 0.920654
0002C4F7 4 0003E08D -67587.2813 108529.4060 9520.3377 0.869995
00222172 -1 0003E08D -67440.0291 106615.8768 8920.0173 1.050049
0022218F -1 0004D93B -68025.2880 106899.8812 9019.0494 0.750000
0002C4D3 4 000503B6 -66321.5120 108459.9050 9428.4876 0.760010
0002C4D5 4 000503B6 -68373.5433 107740.6440 9305.8011 0.760010
0002C4FA 4 000503B6 -67542.2806 106973.6323 8991.3757 0.760010
0002C4D3 2 000531AE -66346.0124 108531.6561 9331.2345 0.890015
0002C4D5 2 000531AE -68398.2937 107812.1451 9208.5480 0.890015
0002C4FA 2 000531AE -67537.0305 107049.3834 8894.1226 0.890015
00225614 3 000531AE -66488.2645 106521.6254 8909.6726 0.688232
0002C4F9 6 000531B3 -69157.8053 107928.3969 9394.8180 0.640015
00222173 -1 000531B3 -67400.0284 106607.8767 8944.0011 0.800049
0022218C -1 000531B3 -68121.0394 107029.6331 9037.0372 0.729980
00225614 4 000531B3 -66463.2641 106560.6260 8889.1809 0.902100
0002C4F7 3 0003E08F -67544.2806 108595.1570 9434.4835 0.890015
0002C4D3 8 0004A073 -66353.5125 108501.4056 9174.7466 0.709961
0002C4D5 8 0004A073 -68405.5438 107781.8946 9052.0601 0.709961
0002C4F8 1 0004A073 -68177.7903 108269.4021 9093.3070 1.020020
0002C4FA 8 0004A073 -67555.7808 107024.3831 8737.6347 0.709961
0002C4FF 1 0004A073 -67267.0264 110088.9298 9543.2014 1.020020
0002C500 1 0004A073 -69322.8078 109579.1720 9507.7528 1.020020
0002C57A 1 0004A073 -69189.5557 110528.1865 9756.4862 1.020020
0002C4F6 1 0004A074 -66852.0201 107147.8849 8861.7049 0.780029
00145979 1 0004A074 -69568.5615 110560.1870 9958.8991 0.702026
00225615 1 0004A074 -66119.2589 106664.3776 8811.8265 0.546021
00225616 1 0004A074 -66295.2616 106764.6291 8828.6283 0.695557
00225616 2 0004A074 -66212.5103 106697.8781 8581.7399 0.776978
00225617 -1 0004A074 -65596.5009 106614.6268 9188.2540 0.630005
0002C4D3 3 0004A075 -66311.0118 108668.6582 9234.6403 0.770020
0002C4D5 3 0004A075 -68363.2931 107949.3972 9111.9538 0.770020
0002C4F6 2 0004A075 -66955.2717 107207.6359 8938.5981 0.979980
0002C4F6 3 0004A075 -66893.2707 107295.1372 8910.2656 0.770020
0002C4FA 3 0004A075 -67451.5292 107161.8852 8797.5284 0.770020
0002C4FB 1 0004A075 -66036.2576 110150.6808 9502.7452 0.979980
0002C4FD 1 0004A075 -66724.2681 106629.3770 8812.4195 0.979980
0002C503 3 0004A075 -65677.7522 106922.6315 8628.4556 1.030029
0002C50F 1 0004A075 -66551.7655 107797.1449 8994.9997 0.910034
0002C510 1 0004A075 -67287.7767 107621.1422 8922.9823 0.910034
0002C511 1 0004A075 -68494.7951 107276.3869 8858.9376 0.910034
0002C512 1 0004A075 -67725.7834 109770.9250 9764.5906 0.910034
0002C513 1 0004A075 -68567.5463 108905.6618 9570.9409 0.910034
0002C56F -1 0004A075 -68976.0525 107583.8916 9295.9835 0.670044
0002C572 -1 0004A075 -66064.0081 109607.9225 9607.9709 0.729980
0002C575 -1 0004A075 -67290.5268 109530.6713 9824.8137 0.550049
0002C579 1 0004A075 -68717.2985 110395.9345 9972.9336 0.910034
0002C57E -1 0004A075 -68103.7892 109416.1696 9862.5026 0.709961
0014590D 1 0004A075 -69476.5601 107980.8977 9347.9704 0.818970
00225613 1 0004A075 -66038.7577 106591.8765 8898.3396 0.531982
00225613 2 0004A075 -65899.0055 106557.8759 8865.3947 0.615967
00225615 2 0004A075 -66046.0078 106692.1280 8872.9062 0.686035
00225615 3 0004A075 -66016.2573 106628.8770 8838.8412 0.538940
00225618 1 0004A075 -65568.5005 106623.3769 9085.5320 0.638428
00225618 2 0004A075 -65735.0030 106672.6277 9050.7423 0.739258
0022218D -1 0003E0D1 -68136.5397 106991.6326 9085.5320 0.689941
00052C1C -1 0001F785 -78616.6996 103108.3233 8599.4642 1.000000
0018AB65 -1 00121550 -81384.2418 102635.0661 8751.0103 0.680054
0018AB66 -1 0012154F -81356.2414 103625.0812 8821.2487 0.650024
0009158C -1 00038599 -81735.2472 105168.3547 8707.1937 0.670044
0009154B -1 000393CD -80997.4859 103934.5859 9143.0537 0.579956
0018AB69 1 000393CD -78436.9469 105571.6109 9341.3815 1.128540
00091542 4 0003E08D -80375.2264 103767.0834 9266.0037 0.643799
0018AB6A 3 0003E08D -78111.1919 105487.6096 9485.8115 0.928223
0018AB68 1 0004D93B -81493.7435 104627.0965 8772.4245 0.692993
0018AB6A 1 0004D93B -78245.1939 105515.8600 9455.1729 0.856812
0018AB69 3 000531AE -78588.4492 105455.6091 9358.9081 0.843628
0018AB68 4 000531B3 -81539.4942 104768.8486 8768.8664 0.666016
0018AB69 4 000531B3 -78587.1991 105498.1098 9313.5760 1.105835
00091542 3 0003E08F -80331.7258 103818.5841 9212.5672 0.658569
00052C5D -1 0004A073 -80676.9810 104584.0958 9214.2145 0.819946
00052C5F -1 0004A073 -81448.4928 104742.3482 8746.1345 0.780029
00052C62 -1 0004A073 -80397.9768 103951.0862 9341.6450 0.489990
00052C63 -1 0004A073 -80115.2225 102936.3207 8868.6233 0.619995
00052CEB -1 0004A073 -78845.7031 105857.1153 9383.2214 0.880005
00052CED -1 0004A073 -79573.7142 106152.8698 9474.8080 0.430054
00052CF4 -1 0004A073 -78223.9436 104071.3380 9248.4771 0.619995
00052CF6 -1 0004A073 -78740.9515 104827.8495 9430.5301 0.609985
00052CF7 -1 0004A073 -79008.7056 104658.8470 9363.2568 0.560059
00052C3B -1 0004A074 -80630.7303 102868.5696 8862.4956 0.560059
00052C53 -1 0004A074 -81853.9990 104521.8449 8638.8662 1.040039
00052C5E -1 0004A074 -81547.4943 104884.3504 8797.2649 0.920044
00052C60 -1 0004A074 -79992.2206 104287.0913 9338.0870 0.430054
00052C61 -1 0004A074 -79578.9643 104234.8405 9405.9533 0.619995
00052CEE -1 0004A074 -79471.4626 106130.8694 9426.3791 0.640015
00052CF0 -1 0004A074 -78080.4414 106318.8723 9734.4790 0.640015
00052CF5 -1 0004A074 -78293.9447 103888.5852 9267.9145 0.810059
00052C67 -1 0004A075 -81459.4930 102739.5677 8728.4761 0.609985
00052C70 -1 0004A075 -79655.4654 104100.0884 9376.8960 0.560059
00052C71 -1 0004A075 -79479.4628 104069.0880 9331.8934 0.630005
00052C74 -1 0004A075 -80036.9713 102909.0703 8786.5907 0.430054
00052C76 -1 0004A075 -80499.4783 102781.5683 8817.0976 0.770020
00052CFB -1 0004A075 -77853.6880 103903.8354 9137.7825 0.589966
00052D17 -1 0004A075 -78643.2000 104567.0956 9339.3389 0.609985
0018AB68 3 0003E0D1 -81574.7447 104743.0983 8807.7413 0.630005
0018AB6A 2 0003E0D1 -78130.1922 105382.3580 9471.5135 0.666382
00090FD0 -1 0001F0FC -74721.3902 104342.3421 8595.5108 1.000000
002221A0 -1 0012154F -73757.1254 106007.6175 9100.0277 0.939941
00090FCA -1 0003A28B -75691.9050 104232.0905 8804.1174 0.729980
00090FD1 2 00038599 -76169.6623 103093.8231 8671.9428 1.069214
00090FD3 2 00038599 -74432.1357 105467.8593 8800.5594 1.274414
00091496 1 00038599 -75961.6591 105042.8528 9187.9245 0.731445
00090FD1 4 00049532 -75778.1563 103908.8355 8463.2703 1.296875
00090FD4 4 000531AE -74047.8799 102946.3208 8108.5864 0.820801
00090FD4 6 000531B3 -73982.3789 103342.3269 8265.4037 1.105835
0022219F -1 000531B3 -73824.3765 106054.1183 9068.4007 0.709961
00052CF2 -1 0004A073 -77447.4318 104818.5994 9315.4209 0.849976
00090FD4 2 0004A073 -73955.3785 102784.8184 8116.2296 1.140015
00091494 1 0004A073 -74030.8796 104636.8466 8691.8415 0.883179
00091495 1 0004A073 -77257.6789 104388.5928 9221.4623 1.021240
00052CF1 -1 0004A074 -77451.1818 106391.3734 9671.0273 1.010010
00052CF3 -1 0004A074 -77620.1844 104787.3489 9304.9445 1.040039
00052CFC -1 0004A075 -77615.4343 104508.5947 9225.8769 0.619995
00052CFE -1 0004A075 -77103.6765 104947.3514 9310.8087 0.930054
00052D10 -1 0004A075 -76382.6655 104290.3413 8947.1638 0.989990
00052D12 -1 0004A075 -76679.6700 103627.0812 8871.1271 0.939941
00091483 1 0004A075 -77145.9272 104751.3484 9114.1281 0.964600
00091484 1 0004A075 -76639.1694 104590.0959 8859.0693 0.809937
00091485 1 0004A075 -74861.6423 104806.3492 8614.5529 0.900879
00091488 1 0004A075 -76197.9127 105627.6117 9315.1574 0.882690
00091489 1 0004A075 -76709.6705 103274.5758 8583.5189 0.973755
0009148A 1 0004A075 -75216.8977 102882.3199 8344.3395 0.891846
0009148B 1 0004A075 -75695.6550 104455.5939 8640.9747 0.741577
0009148C 1 0004A075 -75920.4085 104042.0876 8659.7532 0.683960
0009148D 1 0004A075 -75988.1595 103178.3244 8447.9180 0.640747
0009148E 1 0004A075 -76448.1665 103734.5829 8480.5993 0.835205
0009148F 1 0004A075 -74424.8856 105289.6066 8701.5272 0.842407
00091490 1 0004A075 -75086.3957 105866.1154 9045.2076 0.727173
00091494 2 0004A075 -74154.8815 104564.5955 8561.9730 0.816040
00091495 2 0004A075 -77307.6796 104552.0953 9077.1640 0.943481
0018EDF1 1 0004A075 -74084.6304 102951.3209 8107.7299 0.950562
002221A1 -1 00121550 -73547.8723 106085.3687 9108.7911 0.699951
0018EDEE -1 000D9CA8 -71480.0907 103192.0746 8239.9703 0.540039
0022219C -1 000D9CA9 -73679.1243 106200.3705 9125.1976 0.880005
00145D53 -1 0003A28B -72284.1030 106494.3750 8737.2394 0.890015
0009143F -1 00038599 -72077.3498 103450.0785 8232.8543 1.030029
00091440 -1 00038599 -71806.8457 104918.8509 8446.6661 0.949951
00091448 2 00038599 -72950.3631 105406.1084 8802.0089 1.160034
00091449 2 00038599 -69888.0664 102796.3185 8018.3176 0.910034
0022219B -1 000393CD -73574.3727 105953.6167 9069.4549 0.819946
00145921 4 00049532 -70853.8311 106388.6234 8471.6383 1.184448
00090FC9 -1 0004D93B -71054.3342 105304.3568 8396.5900 0.989990
00090F7B 1 0004A073 -73271.6180 104328.8419 8473.8785 0.561157
00090F85 1 0004A073 -71712.0942 105723.6132 8400.8069 0.632446
00090FC0 -1 0004A073 -70223.5715 103883.3351 8060.8164 0.560059
00090F79 1 0004A074 -70112.0698 106253.8713 8511.2380 0.704956
00090F79 2 0004A074 -69996.0681 106277.8717 8265.9309 0.787476
00090FBB -1 0004A074 -70801.8304 103024.3220 7811.4242 0.780029
00090FC5 -1 0004A074 -71745.0947 105827.6148 8515.1255 0.699951
00091447 -1 0004A074 -71389.5893 104282.3412 8394.2839 0.829956
00091448 7 0004A074 -72661.6087 105424.6087 8735.3945 1.310791
00091449 7 0004A074 -70113.5698 102801.3186 7960.5983 1.028320
00090F73 1 0004A075 -71931.8476 102509.0642 7897.4101 0.664307
00090F78 1 0004A075 -72463.1057 105550.1106 8650.2651 0.630859
00090F78 2 0004A075 -72619.8581 105478.8595 8619.0993 0.730347
00090F7A 1 0004A075 -71581.8423 104535.5951 8200.7001 1.073853
00090F7B 2 0004A075 -73185.1167 104349.8423 8389.1445 0.518555
00090F80 1 0004A075 -70941.0825 103185.3245 8037.4256 1.048584
00090F81 1 0004A075 -72322.1035 103359.0771 7950.8466 0.737183
00090F81 2 0004A075 -72266.3527 103164.0742 7923.7001 0.853638
00090F86 1 0004A075 -70308.8228 104869.8502 8140.4111 0.573242
00090F87 1 0004A075 -69862.5660 103635.8314 7858.5353 1.126953
00091446 -1 0004A075 -70872.0814 105312.1069 8367.9939 0.969971
0018EDF2 1 0004A075 -73642.1237 103725.5827 7976.2800 0.698364
0018F63C 1 0004A075 -72564.3572 104427.8434 8321.1464 0.950562
002255E1 1 0004A075 -69884.0663 106203.6205 8449.8947 0.569946
002255E1 2 0004A075 -70032.5686 106257.6214 8445.0848 0.660034
002255EC 1 0004A075 -70790.8302 105302.6068 8267.9734 0.585205
002255EC 2 0004A075 -70951.3326 105298.8567 8243.9896 0.677612
00225603 -1 000D9CA9 -66830.5198 105459.1092 8569.1550 1.020020
00225604 -1 000D9CA9 -66942.2715 105516.6101 8477.4366 0.800049
00222168 1 00038599 -67386.5282 106212.1207 8744.4873 0.772827
0022215D 1 000393CD -67822.0349 106139.8696 8619.2311 1.108765
00225605 -1 000393CD -67045.0230 105637.8619 8429.9960 0.930054
0022215D 3 000531AE -68009.7877 106125.6193 8614.2894 0.828857
0022215D 4 000531B3 -67981.7873 106169.3700 8582.0693 1.086426
0002C4B9 1 0004A073 -66095.0085 104659.3470 8545.4347 0.920044
0002C4BC 1 0004A073 -67827.7850 104050.3377 7720.8918 1.020020
00211C6F -1 0004A073 -66877.7705 103645.0815 8119.2605 0.849976
0002C4B6 1 0004A074 -67084.5236 104654.8469 7974.8305 0.780029
0002C4BA 1 0004A074 -68419.0440 103424.8281 7922.4482 0.939941
0002C4BA 2 0004A074 -68455.7946 103311.5764 7579.4268 1.050049
00090F7C 1 0004A074 -69630.5625 104363.5925 8053.3050 0.939941
00090F7C 2 0004A074 -69508.5606 104400.0930 7713.3145 1.050049
00090F7E 1 0004A074 -68698.0482 106180.8702 8557.2289 0.468018
00211C7D -1 0004A074 -66848.2700 103741.3330 7668.4437 1.050049
0002C4B6 2 0004A075 -67190.2752 104710.0977 8051.7237 0.979980
0002C4B6 3 0004A075 -67132.2744 104800.3491 8023.3911 0.770020
0002C4B8 1 0004A075 -68576.2964 104691.3475 8009.0931 0.719971
0002C4B9 2 0004A075 -65983.2568 104758.0985 8409.6362 0.849976
0002C56D -1 0004A075 -68775.5494 103867.3349 8047.5067 0.989990
00052D3D -1 0004A075 -67634.5320 103005.0717 8094.0248 0.640015
00052D5E -1 0004A075 -65648.0017 105672.1124 8784.0211 0.640015
00052D7E -1 0004A075 -66352.2625 105400.3583 8660.6757 0.709961
00052D85 -1 0004A075 -67232.0259 105344.1074 8416.0274 0.579956
00052D87 -1 0004A075 -66126.5090 103311.0764 8160.9028 0.599976
00090F7E 2 0004A075 -68768.7993 106176.3701 8604.4059 0.588013
00090F7E 3 0004A075 -68768.2993 106240.3711 8585.6274 0.462036
00090F7F 1 0004A075 -68837.5504 103872.8350 7938.5253 0.590454
00090F84 1 0004A075 -69312.3076 105816.6146 8463.4680 0.562378
00090F84 2 0004A075 -69412.8092 105934.1164 8442.6469 0.651245
00090FC2 -1 0004A075 -69401.3090 104073.8380 7700.0048 0.839966
00222175 -1 0003E0D1 -67474.5296 106493.3750 8932.2068 0.949951
00060C95 -1 00033794 -77835.9377 102216.8097 8231.2070 1.000000
00052C1E -1 0001F0FC -80121.7226 101498.5487 8430.5891 1.000000
00052C1D -1 000329A7 -81459.4930 100666.5360 8182.1851 1.000000
000233B3 -1 00038599 -79139.2076 99019.2609 7728.4032 0.910034
000233B4 -1 00038599 -79310.2102 99654.2706 7913.8167 0.660034
000233BA -1 00038599 -80138.7228 98967.5101 7918.5607 0.810059
00194984 -1 000393CD -80488.9782 99852.5236 8078.8702 1.020020
00194996 -1 000531AE -78663.7003 101174.2938 7904.1309 0.829956
00194999 -1 000531B3 -78996.4554 101417.2975 8042.3673 1.119995
00052C33 -1 0004A073 -79103.9570 100688.0364 7911.9717 0.530029
00052CC0 -1 0004A073 -79223.9589 101744.0525 8152.0077 1.000000
00052CC2 -1 0004A073 -78371.4459 101439.2978 7919.7467 0.380005
00056293 -1 0004A073 -80016.7210 100568.7846 8009.0931 0.660034
00056295 -1 0004A073 -80836.4835 99544.2689 8082.6918 0.979980
0019499A -1 0004A073 -78476.4475 101191.5441 7906.5688 1.150024
0019499F -1 0004A073 -80331.9758 100476.7832 8058.5103 0.560059
001949A4 -1 0004A073 -79857.4685 99939.2750 7967.8462 0.630005
001949A8 -1 0004A073 -79513.4633 98896.0090 7608.9453 0.640015
001949AC -1 0004A073 -78865.2034 99922.0247 7902.0883 1.089966
001949CB -1 0004A073 -78622.6997 98613.5047 7565.9194 0.650024
001949D2 -1 0004A073 -77911.6888 101694.0517 7932.0022 0.390015
00022BA3 -1 0004A074 -81338.7411 98391.7513 8026.8833 1.010010
00052C34 -1 0004A074 -78265.4442 100493.7834 7831.7841 0.959961
00052C35 -1 0004A074 -80923.4848 99950.2751 8101.6021 0.599976
00052C36 -1 0004A074 -80884.2342 99858.7737 8102.4587 0.790039
00052CC1 -1 0004A074 -79117.9572 101671.3014 8185.9408 0.869995
00052CC3 -1 0004A074 -78271.4443 101445.5479 7911.9717 0.530029
00052CC4 -1 0004A074 -77951.4394 102172.8090 8042.1038 0.569946
00056292 -1 0004A074 -79911.2193 100598.0350 8004.5467 0.780029
00056294 -1 0004A074 -79541.2137 101453.7981 8145.1552 1.000000
001949A1 -1 0004A074 -80334.4758 100478.5332 8039.2046 0.689941
001949B6 -1 0004A074 -78568.9489 98631.7550 7295.6401 0.739990
001949C1 -1 0004A074 -81808.4983 98793.2575 7642.8785 1.250000
001949C2 -1 0004A074 -81909.9998 98709.7562 8054.4251 1.119995
000233B1 -1 0004A075 -80336.2258 98843.2582 7954.7341 0.770020
00052C7B -1 0004A075 -81905.4998 102367.3120 8659.8191 0.750000
00052C91 -1 0004A075 -81444.7427 99605.0199 8105.4237 0.739990
00052CAC -1 0004A075 -80282.9750 98676.0057 7994.2679 0.900024
00052CAE -1 0004A075 -79123.2073 100573.2846 7904.6580 0.550049
00052CB4 -1 0004A075 -78220.6936 100293.2804 7829.0167 0.920044
000562B7 -1 0004A075 -78427.9467 101805.5534 8006.9187 0.760010
0019498E -1 0004A075 -78225.6936 100288.0303 7435.2602 0.939941
001949AA -1 0004A075 -78815.4526 100116.2777 7770.3090 1.010010
001949B1 -1 0004A075 -78562.9488 98482.2527 7324.6316 0.729980
001949B2 -1 0004A075 -78478.6975 98543.0036 7342.3559 0.930054
001949B7 -1 0004A075 -78170.4428 102354.3118 7937.3393 0.550049
001949C9 -1 0004A075 -78697.4508 98688.2559 7469.5887 0.599976
001949D0 -1 0004A075 -77931.4391 101635.8008 7875.1394 0.359985
00060C93 -1 00034702 -77816.6874 102343.3116 8231.2070 1.000000
00060C9D -1 00034702 -77437.1816 102286.0608 8167.2282 1.000000
00061066 -1 00034702 -77310.4297 102266.8105 8167.2282 1.000000
00061068 -1 00034702 -77383.4308 102213.0596 8103.2494 1.000000
00060C98 -1 00028BAF -77617.4343 102378.0622 8231.2070 1.000000
00060CA3 -1 00032B24 -77617.4343 102378.0622 8231.2070 1.000000
00060C96 -1 00032B23 -77617.4343 102378.0622 8231.2070 1.000000
00060C94 -1 000430C4 -77617.4343 102378.0622 8231.2070 1.000000
00060CAB -1 00034FC8 -77636.4346 102251.3102 8231.2070 1.000000
00060CAC -1 00034FC8 -77763.1866 102270.5605 8231.2070 1.000000
00052C1F -1 0001F0FC -76498.4173 102386.0623 8160.5074 1.000000
00052C20 -1 00038593 -74368.3848 101961.3058 7762.5999 1.170044
0018EDF4 -1 000D9CA9 -76767.9214 98936.0096 7311.9807 0.699951
000562B9 2 000393CD -74070.1302 98668.2556 7168.8026 0.790039
00090FD6 1 000393CD -76289.4141 100857.2890 7559.4622 0.688843
000562A8 4 000503B6 -76626.9192 99894.2743 7349.9991 0.911987
000562A8 2 000531AE -76670.4199 99822.7732 7227.9056 1.067993
00052C29 -1 0004A073 -76394.4157 101736.0524 7711.1401 0.959961
000562A8 8 0004A073 -76618.4191 99838.2734 7044.2712 0.852051
000562A9 1 0004A073 -77144.4271 100640.2856 7499.2391 1.002808
000562AC 1 0004A073 -76380.6655 101263.7952 7256.7652 0.703857
000562B0 1 0004A073 -77093.4264 101903.3049 7610.1313 0.800415
000562D7 1 0004A073 -75569.1531 99278.5149 7146.4660 0.805786
00090F5E 1 0004A073 -74344.1344 100530.2840 7677.8659 0.754395
00090F5F 1 0004A073 -75446.6512 99830.5233 7187.1199 0.948608
00052C2E -1 0004A074 -76763.1713 99510.2684 7288.9853 0.959961
000562A5 1 0004A074 -76522.9176 98482.5027 7236.1418 0.695557
000562A5 2 0004A074 -76446.1665 98540.5036 6985.2999 0.776978
000562AA 1 0004A074 -77353.4303 100111.0276 7379.3200 0.787842
000562AE 1 0004A074 -77497.1825 101106.7928 7385.0523 0.881348
000562D6 1 0004A074 -75840.4072 99414.0169 7455.2907 0.686157
000562D6 2 0004A074 -75872.6577 99487.0181 7202.5381 0.766479
00052CB8 -1 0004A075 -76764.4213 98774.0072 7138.5592 0.729980
000562A6 1 0004A075 -77377.1807 99562.2692 7293.1363 0.805542
000562A6 2 0004A075 -77264.6790 99752.2721 7258.2807 0.932739
000562A7 1 0004A075 -77487.9324 99990.5257 7243.5873 1.019165
000562A8 3 0004A075 -76818.6722 99766.2723 7097.1805 0.923950
000562A9 2 0004A075 -77119.1767 100811.0383 7363.0452 0.926514
000562AA 2 0004A075 -77465.9320 100152.7782 7457.6627 0.989746
000562AA 3 0004A075 -77422.1814 100250.5297 7425.0474 0.777710
000562AB 1 0004A075 -76527.9177 101102.0427 7323.1161 0.725220
000562AE 2 0004A075 -77484.4323 100975.7908 7476.8366 1.107422
000562AE 3 0004A075 -77604.9342 100972.5407 7442.3104 0.870117
000562AF 1 0004A075 -77259.6789 102134.8085 7807.8002 0.950562
000562B0 2 0004A075 -77026.9253 101781.0531 7503.5219 0.739502
000562B1 -1 0004A075 -77433.4315 102197.5594 7924.9520 0.920044
000562D3 1 0004A075 -75825.6570 98404.7515 7000.9817 0.889160
000562D3 2 0004A075 -76022.6600 98552.2538 6984.1798 1.029541
000562D4 1 0004A075 -76492.6672 99084.5119 7191.1392 0.960449
000562D8 -1 0004A075 -74585.8881 99657.2706 7287.2062 0.760010
00090F5E 2 0004A075 -74466.1363 100546.2842 7567.4349 0.697021
00090FD5 3 0004A075 -75325.3994 99574.0194 7095.7310 1.133057
00090FD6 2 0003E0D1 -76118.1615 100860.0390 7519.4672 0.655640
00090F9D -1 00038599 -69644.8127 99893.0242 7403.4356 0.890015
00090F9F -1 00038599 -70621.3276 99918.7746 7400.9976 0.770020
00090FA0 -1 00038599 -70720.0791 100144.5281 7420.3692 1.030029
00090F5C 2 000393CD -73128.6159 99921.7747 7248.2655 0.699951
00090FA4 -1 00049532 -70085.0694 99540.2689 7428.7372 0.930054
000562DD -1 0003E08D -72270.1028 100723.0369 7538.8388 1.079956
00090FA1 -1 0003E08D -70621.3276 99170.0132 7329.5733 1.060059
000562D9 4 000503B6 -73264.6179 100379.2817 7540.8813 0.805542
00090F71 4 000503B6 -70429.0747 101487.5486 7594.0543 0.767578
00090F8B 4 000503B6 -70987.8332 100190.5288 7423.5978 0.623169
000562D9 2 000531AE -73298.6184 100447.7827 7434.8649 0.943359
00090F5B 4 000531AE -73061.6148 100098.7774 7144.2257 0.719971
00090F71 2 000531AE -70386.3240 101423.7976 7495.7469 0.898926
00090F72 2 000531AE -69648.0627 102066.0574 7760.0303 0.605225
00090F8B 2 000531AE -70956.5827 100242.5296 7342.7512 0.729858
00090FA9 -1 000531AE -71829.5960 99336.5158 7432.7564 0.900024
00090FFD -1 000531AE -72243.1023 100660.2860 7546.0866 0.900024
00090FFF -1 000531AE -71820.3459 101904.0549 7714.3028 0.900024
00090F5B 6 000531B3 -73029.6143 100467.0330 7222.7662 0.969971
00090FA8 -1 000531B3 -71892.8470 99550.2690 7490.8052 0.989990
000562DC -1 0003E08F -72299.3532 100671.5361 7433.0200 0.760010
00090FA6 -1 0003E08F -70537.0763 99283.7650 7332.8019 0.729980
00090FAA -1 0003E08F -71988.3485 99230.7641 7429.2643 0.589966
000562D9 8 0004A073 -73298.1184 100410.0321 7270.0090 0.752563
00090F5B 2 0004A073 -72963.3633 99968.7754 7158.0626 1.000000
00090F5D 1 0004A073 -72489.6061 99119.2624 7375.7619 0.772827
00090F70 1 0004A073 -70816.0806 102255.5603 7995.9810 0.579590
00090F71 8 0004A073 -70383.8240 101457.0481 7338.0730 0.717041
00090F74 1 0004A073 -72297.6032 102126.0583 7817.4201 1.085571
00090F76 1 0004A073 -70765.5798 99437.2673 6874.3418 1.121948
00090F82 1 0004A073 -70765.5798 99437.2673 6874.3418 1.121948
00090F8B 8 0004A073 -70978.8331 100227.7794 7214.5959 0.582153
00052CE2 -1 0004A074 -73186.6167 101293.7956 7498.7779 1.010010
00056323 1 0004A074 -72180.8514 98712.2562 7238.6456 0.845947
00056323 2 0004A074 -72071.3497 98671.0056 6933.5107 0.944946
00090FAB -1 0004A074 -71591.0924 99017.5109 6950.6420 0.859985
000562D9 3 0004A075 -73279.6182 100593.7849 7328.5190 0.816162
00090F5A 1 0004A075 -73642.6237 99087.2620 7278.3111 1.019165
00090F5D 2 0004A075 -72549.8570 99011.2608 7260.1915 0.713989
00090F70 2 0004A075 -70869.8314 102182.0592 7907.2936 0.535522
00090F71 3 0004A075 -70387.3240 101282.0454 7396.6489 0.777710
00090F72 3 0004A075 -69742.0642 102063.8074 7691.3074 0.523560
00090F74 2 0004A075 -72452.6055 102047.3071 7655.0022 1.003052
00090F75 1 0004A075 -69698.5635 100189.7788 7319.7557 0.793823
00090F88 1 0004A075 -71009.8335 101744.5525 7460.7595 0.851196
00090F88 2 0004A075 -71219.8367 101843.8040 7418.1948 0.985596
00090F8A 1 0004A075 -69735.0641 99243.5143 7242.2695 0.439209
00090F8B 3 0004A075 -70852.8311 100293.5304 7262.8271 0.631348
00090FA5 1 0004A075 -70743.3295 99034.2611 7155.0316 0.439209
00090FA7 -1 0003E0D1 -71706.0941 99102.7622 7331.4182 0.969971
00052C21 -1 0001F785 -65856.0049 98600.0045 7416.0205 1.000000
0018C23F -1 000D9CA8 -67456.0293 99344.0159 7383.9981 0.920044
000680B9 1 00038599 -65846.0047 100939.5402 7921.4599 0.696899
000680BB 2 00038599 -65886.2553 100814.5383 7847.0046 0.602051
00052D4A -1 000393CD -66475.5143 99973.0255 7549.7764 0.869995
000680B7 1 000393CD -66658.2671 99578.7695 7443.4306 1.049438
000680BB 1 000393CD -65895.2555 100734.5371 7653.5526 1.134033
00052D4B -1 00049532 -66442.2638 99744.5220 7542.8580 0.839966
000680B8 4 0003E08D -65685.0023 100135.5279 7822.7572 0.635132
000680BC 3 0003E08D -68515.0455 102229.3099 8009.4225 0.748779
000680BA 1 0004D93B -65684.2523 100973.5407 7968.2415 0.523560
000680BC 1 0004D93B -68586.0465 102141.8086 8000.9228 0.691162
00211C72 -1 0004D93B -66562.7657 102258.5603 7967.2532 1.000000
00090F72 4 000503B6 -69607.3121 102095.8079 7827.1059 0.516846
000680B7 3 000531AE -66648.5170 99756.0222 7458.4534 0.784424
000680B7 4 000531B3 -66618.5165 99729.0217 7416.9429 1.028198
000680BA 4 000531B3 -65589.0008 101033.0416 7959.6758 0.503174
000680B8 3 0003E08F -65637.7516 100104.0275 7759.3714 0.649658
0002C595 -1 0004A073 -67544.2806 100595.0350 7240.5564 0.609985
0002C599 -1 0004A073 -66515.0149 100353.7813 7086.7041 0.989990
0002C5A3 -1 0004A073 -66229.2606 101221.2945 7319.4922 1.000000
00090F72 8 0004A073 -69623.3124 102065.0574 7654.4092 0.482788
0002C580 1 0004A074 -67603.7816 101766.8028 7800.2888 0.770752
0002C580 2 0004A074 -67560.2809 101687.3016 7516.6998 0.860962
0002C582 1 0004A074 -65913.7558 101504.5488 7922.2505 0.714355
0002C582 2 0004A074 -65882.5053 101586.8001 7660.7346 0.797974
0002C583 1 0004A074 -67884.5358 100515.0337 7475.9800 0.798950
0002C583 2 0004A074 -67820.2849 100594.2849 7184.6820 0.892456
0002C592 -1 0004A074 -68073.2887 100746.5373 7107.3275 0.890015
0002C59C -1 0004A074 -67307.2770 101571.5499 7378.8587 0.859985
0002C5A7 -1 0004A074 -67562.5309 99379.7664 7089.6032 0.869995
00090F89 1 0004A074 -68815.8000 101252.2950 7711.9308 0.695557
00090F89 2 0004A074 -68888.5512 101293.5456 7456.6085 0.776978
00211C82 -1 0004A074 -66501.2647 102323.0613 7608.2205 1.060059
0002C5A9 -1 0004A075 -69136.8049 100502.2835 7186.9881 0.839966
000680BA 3 0003E0D1 -65609.5011 101050.0419 7994.9268 0.475952
000680BC 2 0003E0D1 -68447.7944 102176.5591 7993.0819 0.537598
