# ww lodi census 1 file Commonwealth.lodi region -20 24 -17 27 level 0 columns ref part base x y z scale mesh material level
00145957 1 000393cd -79790.969 112515.469 10031.575 0.69702 2489 110 0
00145973 1 000393cd -81309.492 111341.203 10362.803 0.95117 2489 110 0
00145b5f 1 000393cd -81482.492 114230.742 11171.861 0.98010 2489 110 0
00145957 4 00049532 -80164.227 111963.961 9826.922 0.97754 2491 113 0
00145973 4 00049532 -81884.250 110636.688 10085.012 1.33398 2491 113 0
00145978 4 0003e08d -79728.219 111604.953 10139.700 0.85254 2493 113 0
00145958 4 000503b6 -80319.477 112637.719 10084.683 0.86646 2497 110 0
00145958 2 000531ae -80354.227 112714.969 9972.406 1.01465 2499 110 0
00145b5f 3 000531ae -81324.992 114279.742 11192.419 0.73254 2499 110 0
00145b5f 4 000531b3 -81337.492 114246.492 11151.766 0.96033 2500 113 0
00145978 3 0003e08f -79649.219 111591.203 10058.524 0.87219 2502 113 0
00145958 8 0004a073 -80361.477 112676.219 9794.899 0.80945 2504 110 0
00145976 1 0004a073 -79259.961 110610.438 10234.516 0.90161 2504 110 0
00145b65 -1 0004a073 -80905.484 113260.977 10628.206 0.55005 2504 110 0
00145956 1 0004a074 -80034.469 112303.711 10153.273 0.63916 2506 110 0
00145956 2 0004a074 -80030.719 112216.461 9922.396 0.71399 2506 110 0
00145957 5 0004a074 -79901.969 112534.719 9703.313 0.79053 2506 110 0
00145959 1 0004a074 -80797.234 110726.938 10331.109 0.49915 2506 110 0
00145973 5 0004a074 -81407.992 111345.203 9899.599 1.07886 2506 110 0
00145b67 1 0004a074 -80888.984 112610.719 10374.860 0.74255 2506 110 0
00145b67 2 0004a074 -80968.484 112557.719 10104.383 0.82947 2506 110 0
00145954 1 0004a075 -79495.961 110907.195 10113.345 0.54724 2508 110 0
00145958 3 0004a075 -80325.977 112871.469 9858.813 0.87781 2508 110 0
00145959 2 0004a075 -80727.734 110710.688 10387.247 0.62720 2508 110 0
00145959 3 0004a075 -80743.734 110645.688 10363.725 0.49280 2508 110 0
0014595c 1 0004a075 -80599.727 110766.188 10320.369 0.87219 2508 110 0
00145974 1 0004a075 -81222.242 110669.938 10002.913 0.90088 2508 110 0
00145976 2 0004a075 -79199.461 110746.438 10104.713 0.83301 2508 110 0
00145b5e 1 0004a075 -81575.492 114452.500 11038.105 1.00940 2508 110 0
00145b66 1 0004a075 -80727.484 112996.477 10355.620 0.51685 2508 110 0
00145b66 2 0004a075 -80860.734 112949.227 10331.703 0.59839 2508 110 0
001458f0 -1 000c16fd -75769.406 112970.227 10335.393 1.00000 2425 95 0
001458ee -1 000c8d79 -74239.883 113663.984 10145.762 1.00000 2433 123 0
001458ef -1 000ba558 -77155.430 113084.977 10077.566 1.00000 2435 123 0
001459ab 4 000503b6 -75514.156 114248.242 10593.482 0.88159 2497 110 0
001459ab 2 000531ae -75581.656 114298.992 10477.978 1.03235 2499 110 0
001459a7 1 0004a073 -76695.922 114276.992 10387.643 0.83643 2504 110 0
001459ab 8 0004a073 -75562.656 114263.742 10297.242 0.82361 2504 110 0
001459a4 1 0004a074 -77153.680 113406.234 10527.065 0.83655 2506 110 0
001459a4 2 0004a074 -77082.930 113331.727 10220.744 0.93445 2506 110 0
001459ac 1 0004a074 -76007.156 114153.242 10388.104 0.84241 2506 110 0
00145b5d 1 0004a074 -74047.383 114603.250 10497.811 0.67859 2506 110 0
001459a3 1 0004a075 -75214.148 113751.234 10257.247 0.85535 2508 110 0
001459a5 1 0004a075 -77242.930 113016.477 10325.509 0.81335 2508 110 0
001459a6 1 0004a075 -77068.172 113935.984 10481.602 0.79175 2508 110 0
001459ab 3 0004a075 -75635.906 114451.500 10362.736 0.89319 2508 110 0
001459ac 2 0004a075 -76129.414 114116.242 10472.838 1.05835 2508 110 0
001459ac 3 0004a075 -76154.914 114228.242 10439.366 0.83154 2508 110 0
00145b5d 2 0004a075 -74130.633 114664.750 10565.348 0.85254 2508 110 0
001458f3 -1 000329a7 -71389.836 112257.711 9724.200 1.00000 2433 123 0
00145991 -1 0003a28b -71492.594 110986.195 10193.005 0.47998 2485 110 0
00145992 1 00038599 -71566.344 111248.945 10056.812 0.88794 2487 113 0
0014597b 1 000393cd -70213.320 111129.695 10278.135 0.75439 2489 110 0
00145992 2 00049532 -71448.594 111444.453 10071.637 0.86584 2491 113 0
00145980 1 0004a073 -70424.578 111945.961 10325.245 0.62561 2504 110 0
00145983 1 0004a073 -70453.078 112259.461 10288.018 1.00281 2504 110 0
00145984 1 0004a073 -69876.063 112709.969 9738.564 1.13220 2504 110 0
00145988 1 0004a073 -70220.070 112900.219 9824.023 0.92822 2504 110 0
0014597b 5 0004a074 -70282.070 111072.945 9913.237 0.85559 2506 110 0
0014597f 1 0004a074 -69644.563 111962.461 9968.189 0.85022 2506 110 0
00145985 1 0004a074 -69798.313 113128.477 9940.846 0.62402 2506 110 0
00145a46 -1 0004a074 -71799.094 110662.688 10057.932 0.96997 2506 110 0
00145979 2 0004a075 -69640.813 110637.438 10030.653 0.88196 2508 110 0
00145980 2 0004a075 -70458.578 111852.203 10231.287 0.57800 2508 110 0
00145981 1 0004a075 -70945.586 111524.203 10106.756 0.58325 2508 110 0
00145982 1 0004a075 -70916.578 112049.711 10033.552 1.01917 2508 110 0
00145983 2 0004a075 -70294.820 112307.211 10143.192 0.92651 2508 110 0
00145985 2 0004a075 -69752.313 113044.227 10001.925 0.78406 2508 110 0
00145985 3 0004a075 -69830.563 113009.727 9978.007 0.61597 2508 110 0
00145986 1 0004a075 -70516.578 112684.219 10021.824 1.01013 2508 110 0
00145987 1 0004a075 -70837.328 112937.477 10005.088 0.79175 2508 110 0
00145a45 -1 0004a075 -71888.344 110718.438 10145.235 0.65002 2508 110 0
0014598e -1 0003a28b -68093.289 110993.195 10195.312 0.81006 2485 110 0
0014598a 4 0003e08d -67247.773 111841.953 10139.700 0.82654 2493 113 0
0014598b 4 000503b6 -67165.523 111237.195 10038.164 0.68396 2497 110 0
0014598b 2 000531ae -67101.773 111219.945 9949.081 0.80103 2499 110 0
0014598a 3 0003e08f -67213.273 111907.461 10057.404 0.84546 2502 113 0
0014597e 1 0004a073 -68902.055 112048.711 10278.728 0.66235 2504 110 0
0014598b 8 0004a073 -67123.273 111242.445 9808.935 0.63904 2504 110 0
0014597a 1 0004a074 -69343.305 111167.945 9942.098 0.85022 2506 110 0
0014597c 1 0004a074 -68850.297 111666.703 10189.645 1.11865 2506 110 0
0014597c 2 0004a074 -68724.797 111758.703 9786.532 1.24951 2506 110 0
0014598c 1 0004a074 -66534.266 111058.695 9983.278 0.98706 2506 110 0
0014598c 2 0004a074 -66598.016 110957.695 9621.215 1.10254 2506 110 0
00145b58 1 0004a074 -65673.500 111784.203 9961.798 1.04346 2506 110 0
00145b58 2 0004a074 -65607.000 111678.453 9578.584 1.16553 2506 110 0
0002c576 -1 0004a075 -66720.016 110847.938 9984.003 0.78003 2508 110 0
00145979 3 0004a075 -69566.313 110697.688 10002.913 0.69299 2508 110 0
0014597a 2 0004a075 -69425.563 111270.195 10024.130 1.06824 2508 110 0
0014597a 3 0004a075 -69326.305 111333.453 9996.259 0.83936 2508 110 0
0014597e 2 0004a075 -68918.555 112152.211 10178.114 0.61206 2508 110 0
0014597f 2 0004a075 -69537.313 111892.453 10054.769 1.06824 2508 110 0
0014597f 3 0004a075 -69609.563 111800.703 10024.327 0.83936 2508 110 0
0014598b 3 0004a075 -67020.023 111124.695 9859.274 0.69299 2508 110 0
00145b59 1 0004a075 -65900.508 111386.953 9851.828 1.03735 2508 110 0
00091544 1 00038599 -80327.977 106884.383 9467.955 0.75208 2487 113 0
0009158d -1 00038599 -80732.234 107250.141 9718.271 0.53003 2487 113 0
0018ab93 -1 000a7206 -81807.250 107050.383 9009.166 0.72998 2487 113 0
0009154a -1 000393cd -80600.727 106530.125 9267.189 0.59998 2489 110 0
00145962 1 000393cd -79780.219 107453.141 9688.093 1.03955 2489 110 0
00145971 1 000393cd -80780.234 108321.906 9842.274 0.66418 2489 110 0
0014593c 4 00049532 -78179.445 108688.406 9790.617 1.20752 2491 113 0
00145971 4 00049532 -80182.977 108178.148 9590.642 0.93152 2491 113 0
00091543 4 0003e08d -81021.234 107448.891 9790.485 0.93958 2493 113 0
0014595b 4 0003e08d -80503.227 110429.938 10432.250 0.83521 2493 113 0
00145975 4 0003e08d -78795.953 110072.430 10414.724 0.73950 2493 113 0
00145943 4 000503b6 -78538.695 106971.133 9851.697 0.72961 2497 110 0
00145961 4 000503b6 -80193.477 109207.914 10247.034 0.53198 2497 110 0
00145963 4 000503b6 -79122.211 107958.648 9922.265 0.49402 2497 110 0
00145943 2 000531ae -78467.695 106996.133 9760.242 0.85437 2499 110 0
00145961 2 000531ae -80141.477 109188.664 10180.749 0.62305 2499 110 0
00145962 3 000531ae -79931.219 107542.641 9705.224 0.77698 2499 110 0
00145963 2 000531ae -79075.453 107973.148 9858.813 0.57849 2499 110 0
00145962 4 000531b3 -79894.219 107557.141 9663.977 1.01855 2500 113 0
00091543 3 0003e08f -81064.734 107416.391 9677.155 0.96118 2502 113 0
0014595b 3 0003e08f -80470.977 110496.938 10348.702 0.85437 2502 113 0
00145975 3 0003e08f -78794.703 110137.930 10340.466 0.75647 2502 113 0
00145943 8 0004a073 -78492.445 107002.133 9609.223 0.68164 2504 110 0
00145944 1 0004a073 -79546.461 108418.406 9989.802 0.52441 2504 110 0
0014594b 1 0004a073 -78426.695 108875.164 9942.624 0.82617 2504 110 0
0014594d 1 0004a073 -78695.953 109326.422 9954.616 0.95874 2504 110 0
0014595f 1 0004a073 -80232.727 109364.922 9908.625 0.84656 2504 110 0
00145961 8 0004a073 -80150.727 109205.914 10070.780 0.49695 2504 110 0
00145963 8 0004a073 -79095.453 107979.898 9757.343 0.46155 2504 110 0
00145967 1 0004a073 -81089.234 108857.414 9318.979 0.98938 2504 110 0
0014596d 1 0004a073 -81359.492 108083.148 9406.151 0.82617 2504 110 0
00145941 1 0004a074 -78082.188 107572.391 9751.677 0.76440 2506 110 0
0014594e 1 0004a074 -78667.953 109651.172 10261.069 0.90234 2506 110 0
0014594e 2 0004a074 -78588.953 109579.922 9929.183 1.00806 2506 110 0
00145971 5 0004a074 -80786.484 108235.898 9522.974 0.75330 2506 110 0
00145a5b -1 0004a074 -80413.227 108057.898 9507.489 0.76001 2506 110 0
00052d2d -1 0004a075 -78344.695 106869.133 9880.425 0.68994 2508 110 0
0014593f 1 0004a075 -77831.688 107992.398 9878.777 0.79041 2508 110 0
0014593f 2 0004a075 -77959.188 108167.148 9843.131 0.91516 2508 110 0
00145940 1 0004a075 -79495.711 108496.906 10036.648 0.48022 2508 110 0
00145941 2 0004a075 -77993.188 107646.891 9828.438 0.96045 2508 110 0
00145941 3 0004a075 -77934.688 107558.391 9804.454 0.75464 2508 110 0
00145943 3 0004a075 -78332.695 106965.133 9671.555 0.73926 2508 110 0
00145944 2 0004a075 -79585.961 108344.906 9910.865 0.48450 2508 110 0
0014595d 1 0004a075 -80651.734 109709.422 9936.892 1.01013 2508 110 0
0014595e 1 0004a075 -80447.977 109533.422 9853.607 0.89185 2508 110 0
00145961 3 0004a075 -80081.719 109107.914 10115.189 0.53894 2508 110 0
00145963 3 0004a075 -78987.703 107946.898 9795.163 0.50049 2508 110 0
00145965 1 0004a075 -81406.992 108845.414 9462.618 0.62634 2508 110 0
00145966 1 0004a075 -81761.000 109270.414 9500.769 0.72961 2508 110 0
00145966 2 0004a075 -81671.250 109092.414 9467.165 0.84485 2508 110 0
0014596a 1 0004a075 -80285.977 108027.398 9329.390 0.97021 2508 110 0
0014596c 1 0004a075 -80742.484 108078.148 9779.152 0.51685 2508 110 0
0014596c 2 0004a075 -80701.734 107947.148 9737.840 0.59839 2508 110 0
0014596e 1 0004a075 -80295.977 107076.633 9206.505 0.79382 2508 110 0
00145a4c -1 0004a075 -78203.195 107906.398 10066.958 0.81006 2508 110 0
0009146b -1 0003a28b -75919.906 106567.875 9815.984 0.72998 2485 110 0
0014598f -1 0003a28b -74101.133 108061.648 9543.531 0.71997 2485 110 0
00090fd2 2 00038599 -76284.914 107513.641 9634.393 1.28516 2487 113 0
00091497 1 00038599 -75469.648 106508.875 9456.029 0.74524 2487 113 0
00145951 1 00038599 -76535.422 110323.438 10062.346 0.67615 2487 113 0
00145935 1 000393cd -75891.156 108618.656 9787.322 0.72156 2489 110 0
00145937 1 000393cd -75216.398 107560.391 9493.060 0.95117 2489 110 0
0014593c 1 000393cd -77528.180 108200.148 10069.791 0.86096 2489 110 0
00090fd2 4 00049532 -76607.672 108552.156 9387.175 1.55896 2491 113 0
00090fd3 4 00049532 -74713.391 106510.875 8564.279 1.54578 2491 113 0
00145935 4 00049532 -76342.664 109113.164 9519.547 1.01196 2491 113 0
00145937 4 00049532 -75286.898 106675.875 9151.686 1.33398 2491 113 0
00145933 4 000503b6 -75090.898 108985.664 9850.379 0.64600 2497 110 0
00145946 4 000503b6 -76543.422 107537.891 9709.572 0.67639 2497 110 0
00145933 2 000531ae -75152.398 109007.164 9768.215 0.75647 2499 110 0
00145946 2 000531ae -76531.922 107473.641 9621.412 0.79211 2499 110 0
00091493 1 0004a073 -74477.383 106894.133 9244.523 0.96594 2504 110 0
00145930 1 0004a073 -75601.656 109499.922 9570.282 0.98938 2504 110 0
00145931 1 0004a073 -75285.648 109743.922 10056.218 0.82800 2504 110 0
00145933 8 0004a073 -75137.648 108985.664 9635.117 0.60352 2504 110 0
00145934 1 0004a073 -75779.156 109264.414 9925.690 0.68994 2504 110 0
0014593e 1 0004a073 -77105.930 108031.648 9536.876 0.96899 2504 110 0
00145946 8 0004a073 -76518.664 107502.641 9483.044 0.63196 2504 110 0
00145947 1 0004a073 -74891.641 108402.156 9668.655 0.78198 2504 110 0
002255ab 1 0004a073 -77659.938 106592.375 9906.056 0.61646 2504 110 0
00145932 1 0004a074 -74913.891 109235.914 9685.260 0.81897 2506 110 0
00145935 5 0004a074 -75830.406 108699.656 9442.522 0.81836 2506 110 0
00145937 5 0004a074 -75323.398 107540.391 9032.096 1.07886 2506 110 0
00145939 1 0004a074 -75670.906 107413.641 9488.975 0.93054 2506 110 0
00145939 2 0004a074 -75622.406 107522.641 9149.906 1.03955 2506 110 0
0014593c 5 0004a074 -77509.430 108292.156 9651.524 0.97644 2506 110 0
00145a3b -1 0004a074 -74694.141 109403.672 10023.801 0.48999 2506 110 0
00145a3f -1 0004a074 -74280.883 109068.414 9874.890 0.25000 2506 110 0
00145a53 -1 0004a074 -77053.172 107401.141 9851.433 0.56995 2506 110 0
00091487 1 0004a075 -75595.906 107051.383 9391.589 0.90088 2508 110 0
00091491 1 0004a075 -75042.148 106963.133 9254.935 0.68396 2508 110 0
00091492 1 0004a075 -74926.891 107292.641 9240.241 0.69116 2508 110 0
00091493 2 0004a075 -74625.641 106933.383 9098.513 0.89246 2508 110 0
00145924 1 0004a075 -73765.375 106699.125 9042.572 0.73718 2508 110 0
00145924 2 0004a075 -73963.125 106733.875 9003.895 0.85364 2508 110 0
00145931 2 0004a075 -75168.648 109816.422 9938.012 0.76501 2508 110 0
00145932 2 0004a075 -75025.398 109285.172 9771.113 1.02905 2508 110 0
00145932 3 0004a075 -74971.141 109383.922 9741.858 0.80847 2508 110 0
00145933 3 0004a075 -75225.148 109103.164 9686.380 0.65454 2508 110 0
00145934 2 0004a075 -75827.906 109161.414 9826.396 0.63745 2508 110 0
0014593a 1 0004a075 -76553.422 108279.906 9720.511 0.79175 2508 110 0
00145945 1 0004a075 -77409.930 107283.141 9809.791 0.65662 2508 110 0
00145946 3 0004a075 -76582.672 107361.141 9531.803 0.68530 2508 110 0
00145947 2 0004a075 -74792.641 108316.906 9557.829 0.72253 2508 110 0
00145949 1 0004a075 -75011.391 107896.898 9371.625 0.88196 2508 110 0
00145950 1 0004a075 -76116.664 109934.180 9929.183 0.85254 2508 110 0
00145952 1 0004a075 -75795.156 110404.688 9879.831 0.76758 2508 110 0
00145952 2 0004a075 -75974.406 110516.188 9851.235 0.88879 2508 110 0
00145953 1 0004a075 -76294.414 110464.938 9925.098 0.56165 2508 110 0
00145a3c -1 0004a075 -74321.633 110206.180 10016.421 0.43005 2508 110 0
00145a3d -1 0004a075 -74533.641 108939.164 9863.228 0.50000 2508 110 0
00145a40 -1 0004a075 -73896.125 110543.938 10064.521 0.59998 2508 110 0
00145a4f -1 0004a075 -75070.648 108712.156 9780.338 0.67004 2508 110 0
00145a52 -1 0004a075 -77236.930 107651.891 9965.225 0.81995 2508 110 0
002255ab 2 0004a075 -77740.938 106646.125 9812.492 0.56946 2508 110 0
002255ac 1 0004a075 -77602.688 106599.125 9778.032 0.50916 2508 110 0
002255ac 2 0004a075 -77701.938 106696.125 9751.479 0.58960 2508 110 0
00090f63 -1 0001f0fc -69925.570 107184.633 9063.723 1.00000 2425 95 0
0014590b 1 00038599 -70976.586 108984.164 9395.411 0.74524 2487 113 0
00145912 2 00038599 -69949.070 109518.422 9775.396 0.92017 2487 113 0
00145913 1 00038599 -70018.320 109756.922 9822.244 0.75903 2487 113 0
0014590a 1 000393cd -70965.336 109081.664 9430.069 1.06921 2489 110 0
00145912 1 000393cd -69935.320 109652.672 9485.021 1.73340 2489 110 0
0014591d 2 000393cd -71523.594 108733.406 8958.167 0.81995 2489 110 0
0014591e 1 000393cd -71509.844 108215.648 8881.274 0.72205 2489 110 0
0014591f 1 000393cd -71561.594 106731.625 8516.443 0.88110 2489 110 0
00145921 1 000393cd -70850.078 107176.633 8773.939 0.84460 2489 110 0
0014597b 4 00049532 -69953.070 110472.188 10016.948 1.05798 2491 113 0
00145920 4 0003e08d -71209.336 107929.648 8857.620 1.01794 2493 113 0
00145929 4 0003e08d -71554.344 106596.125 8612.511 0.78296 2493 113 0
0014592c 4 0003e08d -73006.867 107834.398 9215.928 0.89612 2493 113 0
0014592d 4 0003e08d -72544.359 107852.398 9040.595 0.82654 2493 113 0
002255ea 4 0003e08d -71396.844 106992.383 8568.364 1.10486 2493 113 0
002255c4 1 0004d93b -73183.867 106615.875 9058.847 0.77002 2495 110 0
0014590c 4 000503b6 -71229.836 109033.664 9315.487 0.91199 2497 110 0
00145919 4 000503b6 -70789.828 110454.188 9954.089 0.78284 2497 110 0
00145927 4 000503b6 -73476.125 106636.375 9160.778 0.81323 2497 110 0
0014592f 4 000503b6 -72357.602 107424.891 8806.753 0.72961 2497 110 0
0014590a 3 000531ae -71039.336 109246.664 9444.762 0.79919 2499 110 0
0014590c 2 000531ae -71307.586 109075.914 9196.819 1.06799 2499 110 0
00145919 2 000531ae -70779.578 110379.938 9851.499 0.91675 2499 110 0
0014591f 3 000531ae -71665.344 106625.125 8530.873 0.65857 2499 110 0
00145927 2 000531ae -73460.875 106715.375 9056.277 0.95227 2499 110 0
0014592f 2 000531ae -72292.852 107456.641 8712.794 0.85437 2499 110 0
0014590a 4 000531b3 -71000.336 109235.914 9402.065 1.04761 2500 113 0
0014591f 4 000531b3 -71669.594 106658.125 8495.622 0.86328 2500 113 0
002255c4 4 000531b3 -73024.867 106647.375 9024.584 0.73999 2500 113 0
00145920 3 0003e08f -71295.836 107949.398 8754.239 1.04126 2502 113 0
00145929 3 0003e08f -71600.844 106539.125 8537.857 0.80103 2502 113 0
0014592c 3 0003e08f -72934.359 107861.648 9124.407 0.91675 2502 113 0
0014592d 3 0003e08f -72472.609 107859.898 8956.783 0.84546 2502 113 0
002255ea 3 0003e08f -71304.336 107002.633 8453.585 1.13025 2502 113 0
00090fc6 -1 0004a073 -70770.078 106536.875 8458.329 0.94995 2504 110 0
0014590c 8 0004a073 -71287.586 109039.164 9010.022 0.85205 2504 110 0
00145919 8 0004a073 -70767.828 110414.188 9691.124 0.73132 2504 110 0
0014591c 1 0004a073 -71912.344 108368.906 8495.951 1.04041 2504 110 0
00145927 8 0004a073 -73478.625 106688.875 8888.588 0.75964 2504 110 0
0014592f 8 0004a073 -72324.602 107461.891 8562.961 0.68164 2504 110 0
0014590e 1 0004a074 -70280.820 108219.148 9029.196 0.87366 2506 110 0
00145921 5 0004a074 -70980.586 107147.633 8375.176 0.95789 2506 110 0
00145a37 -1 0004a074 -73128.367 108519.906 9434.286 0.43994 2506 110 0
00145a39 -1 0004a074 -72068.852 108729.406 9143.054 1.15002 2506 110 0
00145a50 -1 0004a074 -73652.125 108418.656 9555.589 0.83997 2506 110 0
002255eb -1 0004a074 -71103.836 106721.875 8570.012 1.15002 2506 110 0
0014590c 3 0004a075 -71384.086 109224.414 9076.900 0.92395 2508 110 0
0014590e 2 0004a075 -70354.320 108331.656 9114.128 1.09766 2508 110 0
0014590e 3 0004a075 -70247.820 108387.656 9082.830 0.86243 2508 110 0
0014590f 1 0004a075 -69955.570 108367.906 9397.717 0.64685 2508 110 0
00145914 1 0004a075 -70271.070 109683.922 9532.396 0.64600 2508 110 0
00145914 2 0004a075 -70105.570 109619.422 9508.412 0.74805 2508 110 0
00145916 1 0004a075 -71082.086 110498.688 9902.630 0.75525 2508 110 0
00145919 3 0004a075 -70842.578 110251.180 9748.646 0.79309 2508 110 0
00145922 1 0004a075 -71395.844 106660.875 8461.820 0.88196 2508 110 0
00145927 3 0004a075 -73356.617 106826.633 8954.478 0.82385 2508 110 0
0014592a 1 0004a075 -73178.367 107891.648 9133.565 0.69116 2508 110 0
0014592f 3 0004a075 -72159.602 107437.891 8618.111 0.73926 2508 110 0
00145a31 -1 0004a075 -73430.367 107888.648 9429.476 0.75000 2508 110 0
00145a32 -1 0004a075 -73280.117 106785.133 9156.231 0.64001 2508 110 0
00145a42 -1 0004a075 -71806.844 109250.164 9463.673 0.59998 2508 110 0
002255e3 1 0004a075 -72007.852 106546.875 8524.152 0.47119 2508 110 0
002255e3 2 0004a075 -72134.352 106572.875 8503.858 0.54565 2508 110 0
0014591e 2 0003e0d1 -71609.844 108368.906 8858.345 0.68726 2509 113 0
002255c4 3 0003e0d1 -73027.867 106646.375 9089.485 0.69995 2509 113 0
0002c507 -1 0001f0fc -66240.008 110261.680 9269.628 1.00000 2425 95 0
0002c4f9 4 00121550 -69100.805 108162.648 9473.819 0.63000 2467 104 0
0002c4f9 7 0012154f -69102.305 107964.398 9438.173 0.84998 2469 104 0
0002c4f9 0 000d9ca9 -69240.805 108091.398 9455.766 0.79004 2479 105 0
0002c4fe 0 000d9ca9 -65563.750 109406.172 9543.333 0.76001 2479 105 0
0002c4fe 1 000d9ca9 -65644.750 109669.172 9528.771 0.96997 2479 105 0
0002c4f9 5 000393cd -68994.555 108100.648 9446.739 0.73999 2489 110 0
00225614 1 000393cd -66335.016 106537.375 8935.237 0.92065 2489 110 0
0002c4f7 4 0003e08d -67587.281 108529.406 9520.338 0.87000 2493 113 0
00222172 -1 0003e08d -67440.031 106615.875 8920.018 1.05005 2493 113 0
0022218f -1 0004d93b -68025.289 106899.883 9019.050 0.75000 2495 110 0
0002c4d3 4 000503b6 -66321.516 108459.906 9428.487 0.76001 2497 110 0
0002c4d5 4 000503b6 -68373.547 107740.641 9305.801 0.76001 2497 110 0
0002c4fa 4 000503b6 -67542.281 106973.633 8991.376 0.76001 2497 110 0
0002c4d3 2 000531ae -66346.016 108531.656 9331.234 0.89001 2499 110 0
0002c4d5 2 000531ae -68398.297 107812.148 9208.548 0.89001 2499 110 0
0002c4fa 2 000531ae -67537.031 107049.383 8894.123 0.89001 2499 110 0
00225614 3 000531ae -66488.266 106521.625 8909.673 0.68823 2499 110 0
0002c4f9 6 000531b3 -69157.805 107928.398 9394.817 0.64001 2500 113 0
00222173 -1 000531b3 -67400.031 106607.875 8944.001 0.80005 2500 113 0
0022218c -1 000531b3 -68121.039 107029.633 9037.037 0.72998 2500 113 0
00225614 4 000531b3 -66463.266 106560.625 8889.181 0.90210 2500 113 0
0002c4f7 3 0003e08f -67544.281 108595.156 9434.483 0.89001 2502 113 0
0002c4d3 8 0004a073 -66353.516 108501.406 9174.746 0.70996 2504 110 0
0002c4d5 8 0004a073 -68405.547 107781.891 9052.060 0.70996 2504 110 0
0002c4f8 1 0004a073 -68177.789 108269.406 9093.307 1.02002 2504 110 0
0002c4fa 8 0004a073 -67555.781 107024.383 8737.635 0.70996 2504 110 0
0002c4ff 1 0004a073 -67267.023 110088.930 9543.201 1.02002 2504 110 0
0002c500 1 0004a073 -69322.805 109579.172 9507.753 1.02002 2504 110 0
0002c57a 1 0004a073 -69189.555 110528.188 9756.486 1.02002 2504 110 0
0002c4f6 1 0004a074 -66852.023 107147.883 8861.705 0.78003 2506 110 0
00145979 1 0004a074 -69568.563 110560.188 9958.899 0.70203 2506 110 0
00225615 1 0004a074 -66119.258 106664.375 8811.826 0.54602 2506 110 0
00225616 1 0004a074 -66295.266 106764.625 8828.628 0.69556 2506 110 0
00225616 2 0004a074 -66212.508 106697.875 8581.740 0.77698 2506 110 0
00225617 -1 0004a074 -65596.500 106614.625 9188.254 0.63000 2506 110 0
0002c4d3 3 0004a075 -66311.016 108668.656 9234.641 0.77002 2508 110 0
0002c4d5 3 0004a075 -68363.297 107949.398 9111.954 0.77002 2508 110 0
0002c4f6 2 0004a075 -66955.273 107207.633 8938.599 0.97998 2508 110 0
0002c4f6 3 0004a075 -66893.273 107295.141 8910.266 0.77002 2508 110 0
0002c4fa 3 0004a075 -67451.531 107161.883 8797.528 0.77002 2508 110 0
0002c4fb 1 0004a075 -66036.258 110150.680 9502.745 0.97998 2508 110 0
0002c4fd 1 0004a075 -66724.266 106629.375 8812.420 0.97998 2508 110 0
0002c503 3 0004a075 -65677.750 106922.633 8628.456 1.03003 2508 110 0
0002c50f 1 0004a075 -66551.766 107797.141 8995.000 0.91003 2508 110 0
0002c510 1 0004a075 -67287.773 107621.141 8922.982 0.91003 2508 110 0
0002c511 1 0004a075 -68494.797 107276.391 8858.938 0.91003 2508 110 0
0002c512 1 0004a075 -67725.781 109770.922 9764.591 0.91003 2508 110 0
0002c513 1 0004a075 -68567.547 108905.664 9570.941 0.91003 2508 110 0
0002c56f -1 0004a075 -68976.055 107583.891 9295.983 0.67004 2508 110 0
0002c572 -1 0004a075 -66064.008 109607.922 9607.971 0.72998 2508 110 0
0002c575 -1 0004a075 -67290.523 109530.672 9824.813 0.55005 2508 110 0
0002c579 1 0004a075 -68717.297 110395.938 9972.934 0.91003 2508 110 0
0002c57e -1 0004a075 -68103.789 109416.172 9862.503 0.70996 2508 110 0
0014590d 1 0004a075 -69476.563 107980.898 9347.971 0.81897 2508 110 0
00225613 1 0004a075 -66038.758 106591.875 8898.340 0.53198 2508 110 0
00225613 2 0004a075 -65899.008 106557.875 8865.395 0.61597 2508 110 0
00225615 2 0004a075 -66046.008 106692.125 8872.906 0.68604 2508 110 0
00225615 3 0004a075 -66016.258 106628.875 8838.841 0.53894 2508 110 0
00225618 1 0004a075 -65568.500 106623.375 9085.532 0.63843 2508 110 0
00225618 2 0004a075 -65735.000 106672.625 9050.742 0.73926 2508 110 0
0022218d -1 0003e0d1 -68136.539 106991.633 9085.532 0.68994 2509 113 0
00052c1c -1 0001f785 -78616.703 103108.320 8599.464 1.00000 2429 95 0
0018ab65 -1 00121550 -81384.242 102635.063 8751.011 0.68005 2467 104 0
0018ab66 -1 0012154f -81356.242 103625.078 8821.249 0.65002 2469 104 0
0009158c -1 00038599 -81735.250 105168.352 8707.193 0.67004 2487 113 0
0009154b -1 000393cd -80997.484 103934.586 9143.054 0.57996 2489 110 0
0018ab69 1 000393cd -78436.945 105571.609 9341.382 1.12854 2489 110 0
00091542 4 0003e08d -80375.227 103767.086 9266.004 0.64380 2493 113 0
0018ab6a 3 0003e08d -78111.195 105487.609 9485.812 0.92822 2493 113 0
0018ab68 1 0004d93b -81493.742 104627.094 8772.425 0.69299 2495 110 0
0018ab6a 1 0004d93b -78245.195 105515.859 9455.173 0.85681 2495 110 0
0018ab69 3 000531ae -78588.453 105455.609 9358.908 0.84363 2499 110 0
0018ab68 4 000531b3 -81539.492 104768.852 8768.866 0.66602 2500 113 0
0018ab69 4 000531b3 -78587.203 105498.109 9313.576 1.10583 2500 113 0
00091542 3 0003e08f -80331.727 103818.586 9212.567 0.65857 2502 113 0
00052c5d -1 0004a073 -80676.984 104584.094 9214.215 0.81995 2504 110 0
00052c5f -1 0004a073 -81448.492 104742.352 8746.135 0.78003 2504 110 0
00052c62 -1 0004a073 -80397.977 103951.086 9341.645 0.48999 2504 110 0
00052c63 -1 0004a073 -80115.219 102936.320 8868.623 0.62000 2504 110 0
00052ceb -1 0004a073 -78845.703 105857.117 9383.222 0.88000 2504 110 0
00052ced -1 0004a073 -79573.711 106152.867 9474.808 0.43005 2504 110 0
00052cf4 -1 0004a073 -78223.945 104071.336 9248.478 0.62000 2504 110 0
00052cf6 -1 0004a073 -78740.953 104827.852 9430.530 0.60999 2504 110 0
00052cf7 -1 0004a073 -79008.703 104658.844 9363.257 0.56006 2504 110 0
00052c3b -1 0004a074 -80630.727 102868.570 8862.496 0.56006 2506 110 0
00052c53 -1 0004a074 -81854.000 104521.844 8638.866 1.04004 2506 110 0
00052c5e -1 0004a074 -81547.492 104884.352 8797.265 0.92004 2506 110 0
00052c60 -1 0004a074 -79992.219 104287.094 9338.087 0.43005 2506 110 0
00052c61 -1 0004a074 -79578.961 104234.844 9405.953 0.62000 2506 110 0
00052cee -1 0004a074 -79471.461 106130.867 9426.379 0.64001 2506 110 0
00052cf0 -1 0004a074 -78080.438 106318.875 9734.479 0.64001 2506 110 0
00052cf5 -1 0004a074 -78293.945 103888.586 9267.914 0.81006 2506 110 0
00052c67 -1 0004a075 -81459.492 102739.570 8728.477 0.60999 2508 110 0
00052c70 -1 0004a075 -79655.469 104100.086 9376.896 0.56006 2508 110 0
00052c71 -1 0004a075 -79479.461 104069.086 9331.894 0.63000 2508 110 0
00052c74 -1 0004a075 -80036.969 102909.070 8786.591 0.43005 2508 110 0
00052c76 -1 0004a075 -80499.477 102781.570 8817.098 0.77002 2508 110 0
00052cfb -1 0004a075 -77853.688 103903.836 9137.782 0.58997 2508 110 0
00052d17 -1 0004a075 -78643.203 104567.094 9339.339 0.60999 2508 110 0
0018ab68 3 0003e0d1 -81574.742 104743.102 8807.741 0.63000 2509 113 0
0018ab6a 2 0003e0d1 -78130.195 105382.359 9471.514 0.66638 2509 113 0
00090fd0 -1 0001f0fc -74721.391 104342.344 8595.511 1.00000 2425 95 0
002221a0 -1 0012154f -73757.125 106007.617 9100.027 0.93994 2469 104 0
00090fca -1 0003a28b -75691.906 104232.094 8804.117 0.72998 2485 110 0
00090fd1 2 00038599 -76169.664 103093.820 8671.942 1.06921 2487 113 0
00090fd3 2 00038599 -74432.133 105467.859 8800.560 1.27441 2487 113 0
00091496 1 00038599 -75961.656 105042.852 9187.925 0.73145 2487 113 0
00090fd1 4 00049532 -75778.156 103908.836 8463.271 1.29688 2491 113 0
00090fd4 4 000531ae -74047.883 102946.320 8108.586 0.82080 2499 110 0
00090fd4 6 000531b3 -73982.375 103342.328 8265.403 1.10583 2500 113 0
0022219f -1 000531b3 -73824.375 106054.117 9068.400 0.70996 2500 113 0
00052cf2 -1 0004a073 -77447.430 104818.602 9315.421 0.84998 2504 110 0
00090fd4 2 0004a073 -73955.375 102784.820 8116.229 1.14001 2504 110 0
00091494 1 0004a073 -74030.883 104636.844 8691.842 0.88318 2504 110 0
00091495 1 0004a073 -77257.680 104388.594 9221.462 1.02124 2504 110 0
00052cf1 -1 0004a074 -77451.180 106391.375 9671.027 1.01001 2506 110 0
00052cf3 -1 0004a074 -77620.188 104787.352 9304.944 1.04004 2506 110 0
00052cfc -1 0004a075 -77615.438 104508.594 9225.877 0.62000 2508 110 0
00052cfe -1 0004a075 -77103.680 104947.352 9310.809 0.93005 2508 110 0
00052d10 -1 0004a075 -76382.664 104290.344 8947.164 0.98999 2508 110 0
00052d12 -1 0004a075 -76679.672 103627.078 8871.127 0.93994 2508 110 0
00091483 1 0004a075 -77145.930 104751.352 9114.128 0.96460 2508 110 0
00091484 1 0004a075 -76639.172 104590.094 8859.069 0.80994 2508 110 0
00091485 1 0004a075 -74861.641 104806.352 8614.553 0.90088 2508 110 0
00091488 1 0004a075 -76197.914 105627.609 9315.157 0.88269 2508 110 0
00091489 1 0004a075 -76709.672 103274.578 8583.519 0.97375 2508 110 0
0009148a 1 0004a075 -75216.898 102882.320 8344.340 0.89185 2508 110 0
0009148b 1 0004a075 -75695.656 104455.594 8640.975 0.74158 2508 110 0
0009148c 1 0004a075 -75920.406 104042.086 8659.753 0.68396 2508 110 0
0009148d 1 0004a075 -75988.156 103178.328 8447.918 0.64075 2508 110 0
0009148e 1 0004a075 -76448.164 103734.586 8480.600 0.83521 2508 110 0
0009148f 1 0004a075 -74424.883 105289.609 8701.527 0.84241 2508 110 0
00091490 1 0004a075 -75086.398 105866.117 9045.208 0.72717 2508 110 0
00091494 2 0004a075 -74154.883 104564.594 8561.973 0.81604 2508 110 0
00091495 2 0004a075 -77307.680 104552.094 9077.164 0.94348 2508 110 0
0018edf1 1 0004a075 -74084.633 102951.320 8107.730 0.95056 2508 110 0
002221a1 -1 00121550 -73547.875 106085.367 9108.791 0.69995 2467 104 0
0018edee -1 000d9ca8 -71480.094 103192.078 8239.971 0.54004 2477 105 0
0022219c -1 000d9ca9 -73679.125 106200.367 9125.197 0.88000 2479 105 0
00145d53 -1 0003a28b -72284.102 106494.375 8737.239 0.89001 2485 110 0
0009143f -1 00038599 -72077.352 103450.078 8232.854 1.03003 2487 113 0
00091440 -1 00038599 -71806.844 104918.852 8446.666 0.94995 2487 113 0
00091448 2 00038599 -72950.359 105406.109 8802.009 1.16003 2487 113 0
00091449 2 00038599 -69888.063 102796.320 8018.318 0.91003 2487 113 0
0022219b -1 000393cd -73574.375 105953.617 9069.455 0.81995 2489 110 0
00145921 4 00049532 -70853.828 106388.625 8471.639 1.18445 2491 113 0
00090fc9 -1 0004d93b -71054.336 105304.359 8396.590 0.98999 2495 110 0
00090f7b 1 0004a073 -73271.617 104328.844 8473.879 0.56116 2504 110 0
00090f85 1 0004a073 -71712.094 105723.609 8400.807 0.63245 2504 110 0
00090fc0 -1 0004a073 -70223.570 103883.336 8060.816 0.56006 2504 110 0
00090f79 1 0004a074 -70112.070 106253.875 8511.238 0.70496 2506 110 0
00090f79 2 0004a074 -69996.070 106277.875 8265.931 0.78748 2506 110 0
00090fbb -1 0004a074 -70801.828 103024.320 7811.424 0.78003 2506 110 0
00090fc5 -1 0004a074 -71745.094 105827.617 8515.126 0.69995 2506 110 0
00091447 -1 0004a074 -71389.586 104282.344 8394.284 0.82996 2506 110 0
00091448 7 0004a074 -72661.609 105424.609 8735.395 1.31079 2506 110 0
00091449 7 0004a074 -70113.570 102801.320 7960.598 1.02832 2506 110 0
00090f73 1 0004a075 -71931.844 102509.063 7897.410 0.66431 2508 110 0
00090f78 1 0004a075 -72463.109 105550.109 8650.266 0.63086 2508 110 0
00090f78 2 0004a075 -72619.859 105478.859 8619.100 0.73035 2508 110 0
00090f7a 1 0004a075 -71581.844 104535.594 8200.700 1.07385 2508 110 0
00090f7b 2 0004a075 -73185.117 104349.844 8389.145 0.51855 2508 110 0
00090f80 1 0004a075 -70941.078 103185.328 8037.426 1.04858 2508 110 0
00090f81 1 0004a075 -72322.102 103359.078 7950.847 0.73718 2508 110 0
00090f81 2 0004a075 -72266.352 103164.078 7923.700 0.85364 2508 110 0
00090f86 1 0004a075 -70308.820 104869.852 8140.411 0.57324 2508 110 0
00090f87 1 0004a075 -69862.563 103635.828 7858.535 1.12695 2508 110 0
00091446 -1 0004a075 -70872.078 105312.109 8367.994 0.96997 2508 110 0
0018edf2 1 0004a075 -73642.125 103725.586 7976.280 0.69836 2508 110 0
0018f63c 1 0004a075 -72564.359 104427.844 8321.146 0.95056 2508 110 0
002255e1 1 0004a075 -69884.063 106203.617 8449.895 0.56995 2508 110 0
002255e1 2 0004a075 -70032.570 106257.625 8445.085 0.66003 2508 110 0
002255ec 1 0004a075 -70790.828 105302.609 8267.974 0.58521 2508 110 0
002255ec 2 0004a075 -70951.336 105298.859 8243.989 0.67761 2508 110 0
00225603 -1 000d9ca9 -66830.516 105459.109 8569.155 1.02002 2479 105 0
00225604 -1 000d9ca9 -66942.273 105516.609 8477.437 0.80005 2479 105 0
00222168 1 00038599 -67386.531 106212.117 8744.487 0.77283 2487 113 0
0022215d 1 000393cd -67822.031 106139.867 8619.231 1.10876 2489 110 0
00225605 -1 000393cd -67045.023 105637.859 8429.996 0.93005 2489 110 0
0022215d 3 000531ae -68009.789 106125.617 8614.289 0.82886 2499 110 0
0022215d 4 000531b3 -67981.789 106169.367 8582.069 1.08643 2500 113 0
0002c4b9 1 0004a073 -66095.008 104659.344 8545.435 0.92004 2504 110 0
0002c4bc 1 0004a073 -67827.781 104050.336 7720.892 1.02002 2504 110 0
00211c6f -1 0004a073 -66877.773 103645.078 8119.261 0.84998 2504 110 0
0002c4b6 1 0004a074 -67084.523 104654.844 7974.831 0.78003 2506 110 0
0002c4ba 1 0004a074 -68419.047 103424.828 7922.448 0.93994 2506 110 0
0002c4ba 2 0004a074 -68455.797 103311.578 7579.427 1.05005 2506 110 0
00090f7c 1 0004a074 -69630.563 104363.594 8053.305 0.93994 2506 110 0
00090f7c 2 0004a074 -69508.563 104400.094 7713.314 1.05005 2506 110 0
00090f7e 1 0004a074 -68698.047 106180.867 8557.229 0.46802 2506 110 0
00211c7d -1 0004a074 -66848.273 103741.336 7668.444 1.05005 2506 110 0
0002c4b6 2 0004a075 -67190.273 104710.094 8051.724 0.97998 2508 110 0
0002c4b6 3 0004a075 -67132.273 104800.352 8023.391 0.77002 2508 110 0
0002c4b8 1 0004a075 -68576.297 104691.344 8009.093 0.71997 2508 110 0
0002c4b9 2 0004a075 -65983.258 104758.102 8409.636 0.84998 2508 110 0
0002c56d -1 0004a075 -68775.547 103867.336 8047.507 0.98999 2508 110 0
00052d3d -1 0004a075 -67634.531 103005.070 8094.025 0.64001 2508 110 0
00052d5e -1 0004a075 -65648.000 105672.109 8784.021 0.64001 2508 110 0
00052d7e -1 0004a075 -66352.266 105400.359 8660.676 0.70996 2508 110 0
00052d85 -1 0004a075 -67232.023 105344.109 8416.027 0.57996 2508 110 0
00052d87 -1 0004a075 -66126.508 103311.078 8160.903 0.59998 2508 110 0
00090f7e 2 0004a075 -68768.797 106176.367 8604.406 0.58801 2508 110 0
00090f7e 3 0004a075 -68768.297 106240.375 8585.627 0.46204 2508 110 0
00090f7f 1 0004a075 -68837.547 103872.836 7938.525 0.59045 2508 110 0
00090f84 1 0004a075 -69312.305 105816.617 8463.468 0.56238 2508 110 0
00090f84 2 0004a075 -69412.813 105934.117 8442.646 0.65125 2508 110 0
00090fc2 -1 0004a075 -69401.313 104073.836 7700.005 0.83997 2508 110 0
00222175 -1 0003e0d1 -67474.531 106493.375 8932.207 0.94995 2509 113 0
00060c95 -1 00033794 -77835.938 102216.813 8231.207 1.00000 968 45 0
00052c1e -1 0001f0fc -80121.719 101498.547 8430.589 1.00000 2425 95 0
00052c1d -1 000329a7 -81459.492 100666.539 8182.185 1.00000 2433 123 0
000233b3 -1 00038599 -79139.211 99019.258 7728.403 0.91003 2487 113 0
000233b4 -1 00038599 -79310.211 99654.273 7913.817 0.66003 2487 113 0
000233ba -1 00038599 -80138.727 98967.508 7918.561 0.81006 2487 113 0
00194984 -1 000393cd -80488.977 99852.523 8078.870 1.02002 2489 110 0
00194996 -1 000531ae -78663.703 101174.297 7904.131 0.82996 2499 110 0
00194999 -1 000531b3 -78996.453 101417.297 8042.367 1.12000 2500 113 0
00052c33 -1 0004a073 -79103.953 100688.039 7911.972 0.53003 2504 110 0
00052cc0 -1 0004a073 -79223.961 101744.055 8152.008 1.00000 2504 110 0
00052cc2 -1 0004a073 -78371.445 101439.297 7919.747 0.38000 2504 110 0
00056293 -1 0004a073 -80016.719 100568.781 8009.093 0.66003 2504 110 0
00056295 -1 0004a073 -80836.484 99544.266 8082.692 0.97998 2504 110 0
0019499a -1 0004a073 -78476.445 101191.547 7906.569 1.15002 2504 110 0
0019499f -1 0004a073 -80331.977 100476.781 8058.510 0.56006 2504 110 0
001949a4 -1 0004a073 -79857.469 99939.273 7967.846 0.63000 2504 110 0
001949a8 -1 0004a073 -79513.461 98896.008 7608.945 0.64001 2504 110 0
001949ac -1 0004a073 -78865.203 99922.023 7902.088 1.08997 2504 110 0
001949cb -1 0004a073 -78622.703 98613.508 7565.919 0.65002 2504 110 0
001949d2 -1 0004a073 -77911.688 101694.055 7932.002 0.39001 2504 110 0
00022ba3 -1 0004a074 -81338.742 98391.750 8026.883 1.01001 2506 110 0
00052c34 -1 0004a074 -78265.445 100493.781 7831.784 0.95996 2506 110 0
00052c35 -1 0004a074 -80923.484 99950.273 8101.602 0.59998 2506 110 0
00052c36 -1 0004a074 -80884.234 99858.773 8102.458 0.79004 2506 110 0
00052cc1 -1 0004a074 -79117.961 101671.305 8185.941 0.87000 2506 110 0
00052cc3 -1 0004a074 -78271.445 101445.547 7911.972 0.53003 2506 110 0
00052cc4 -1 0004a074 -77951.438 102172.813 8042.104 0.56995 2506 110 0
00056292 -1 0004a074 -79911.219 100598.031 8004.547 0.78003 2506 110 0
00056294 -1 0004a074 -79541.211 101453.797 8145.155 1.00000 2506 110 0
001949a1 -1 0004a074 -80334.477 100478.531 8039.205 0.68994 2506 110 0
001949b6 -1 0004a074 -78568.945 98631.758 7295.640 0.73999 2506 110 0
001949c1 -1 0004a074 -81808.500 98793.258 7642.878 1.25000 2506 110 0
001949c2 -1 0004a074 -81910.000 98709.758 8054.425 1.12000 2506 110 0
000233b1 -1 0004a075 -80336.227 98843.258 7954.734 0.77002 2508 110 0
00052c7b -1 0004a075 -81905.500 102367.313 8659.819 0.75000 2508 110 0
00052c91 -1 0004a075 -81444.742 99605.023 8105.424 0.73999 2508 110 0
00052cac -1 0004a075 -80282.977 98676.008 7994.268 0.90002 2508 110 0
00052cae -1 0004a075 -79123.211 100573.281 7904.658 0.55005 2508 110 0
00052cb4 -1 0004a075 -78220.695 100293.281 7829.017 0.92004 2508 110 0
000562b7 -1 0004a075 -78427.945 101805.555 8006.918 0.76001 2508 110 0
0019498e -1 0004a075 -78225.695 100288.031 7435.260 0.93994 2508 110 0
001949aa -1 0004a075 -78815.453 100116.281 7770.309 1.01001 2508 110 0
001949b1 -1 0004a075 -78562.945 98482.250 7324.631 0.72998 2508 110 0
001949b2 -1 0004a075 -78478.695 98543.000 7342.356 0.93005 2508 110 0
001949b7 -1 0004a075 -78170.445 102354.313 7937.339 0.55005 2508 110 0
001949c9 -1 0004a075 -78697.453 98688.258 7469.589 0.59998 2508 110 0
001949d0 -1 0004a075 -77931.438 101635.797 7875.140 0.35999 2508 110 0
00060c93 -1 00034702 -77816.688 102343.313 8231.207 1.00000 966 45 0
00060c9d -1 00034702 -77437.180 102286.063 8167.228 1.00000 966 45 0
00061066 -1 00034702 -77310.430 102266.813 8167.228 1.00000 966 45 0
00061068 -1 00034702 -77383.430 102213.063 8103.250 1.00000 966 45 0
00060c98 -1 00028baf -77617.438 102378.063 8231.207 1.00000 976 45 0
00060ca3 -1 00032b24 -77617.438 102378.063 8231.207 1.00000 990 45 0
00060c96 -1 00032b23 -77617.438 102378.063 8231.207 1.00000 991 45 0
00060c94 -1 000430c4 -77617.438 102378.063 8231.207 1.00000 999 45 0
00060cab -1 00034fc8 -77636.438 102251.313 8231.207 1.00000 1015 45 0
00060cac -1 00034fc8 -77763.188 102270.563 8231.207 1.00000 1015 45 0
00052c1f -1 0001f0fc -76498.414 102386.063 8160.507 1.00000 2425 95 0
00052c20 -1 00038593 -74368.383 101961.305 7762.600 1.17004 2435 123 0
0018edf4 -1 000d9ca9 -76767.922 98936.008 7311.981 0.69995 2479 105 0
000562b9 2 000393cd -74070.133 98668.258 7168.803 0.79004 2489 110 0
00090fd6 1 000393cd -76289.414 100857.289 7559.462 0.68884 2489 110 0
000562a8 4 000503b6 -76626.922 99894.273 7349.999 0.91199 2497 110 0
000562a8 2 000531ae -76670.422 99822.773 7227.906 1.06799 2499 110 0
00052c29 -1 0004a073 -76394.414 101736.055 7711.140 0.95996 2504 110 0
000562a8 8 0004a073 -76618.422 99838.273 7044.271 0.85205 2504 110 0
000562a9 1 0004a073 -77144.430 100640.289 7499.239 1.00281 2504 110 0
000562ac 1 0004a073 -76380.664 101263.797 7256.765 0.70386 2504 110 0
000562b0 1 0004a073 -77093.430 101903.305 7610.131 0.80042 2504 110 0
000562d7 1 0004a073 -75569.156 99278.516 7146.466 0.80579 2504 110 0
00090f5e 1 0004a073 -74344.133 100530.281 7677.866 0.75439 2504 110 0
00090f5f 1 0004a073 -75446.648 99830.523 7187.120 0.94861 2504 110 0
00052c2e -1 0004a074 -76763.172 99510.266 7288.985 0.95996 2506 110 0
000562a5 1 0004a074 -76522.914 98482.500 7236.142 0.69556 2506 110 0
000562a5 2 0004a074 -76446.164 98540.500 6985.300 0.77698 2506 110 0
000562aa 1 0004a074 -77353.430 100111.031 7379.320 0.78784 2506 110 0
000562ae 1 0004a074 -77497.180 101106.789 7385.052 0.88135 2506 110 0
000562d6 1 0004a074 -75840.406 99414.016 7455.291 0.68616 2506 110 0
000562d6 2 0004a074 -75872.656 99487.016 7202.538 0.76648 2506 110 0
00052cb8 -1 0004a075 -76764.422 98774.008 7138.559 0.72998 2508 110 0
000562a6 1 0004a075 -77377.180 99562.266 7293.136 0.80554 2508 110 0
000562a6 2 0004a075 -77264.680 99752.273 7258.281 0.93274 2508 110 0
000562a7 1 0004a075 -77487.930 99990.523 7243.587 1.01917 2508 110 0
000562a8 3 0004a075 -76818.672 99766.273 7097.181 0.92395 2508 110 0
000562a9 2 0004a075 -77119.180 100811.039 7363.045 0.92651 2508 110 0
000562aa 2 0004a075 -77465.930 100152.781 7457.663 0.98975 2508 110 0
000562aa 3 0004a075 -77422.180 100250.531 7425.047 0.77771 2508 110 0
000562ab 1 0004a075 -76527.914 101102.039 7323.116 0.72522 2508 110 0
000562ae 2 0004a075 -77484.430 100975.789 7476.836 1.10742 2508 110 0
000562ae 3 0004a075 -77604.938 100972.539 7442.311 0.87012 2508 110 0
000562af 1 0004a075 -77259.680 102134.805 7807.800 0.95056 2508 110 0
000562b0 2 0004a075 -77026.922 101781.055 7503.522 0.73950 2508 110 0
000562b1 -1 0004a075 -77433.430 102197.563 7924.952 0.92004 2508 110 0
000562d3 1 0004a075 -75825.656 98404.750 7000.981 0.88916 2508 110 0
000562d3 2 0004a075 -76022.656 98552.250 6984.180 1.02954 2508 110 0
000562d4 1 0004a075 -76492.664 99084.516 7191.139 0.96045 2508 110 0
000562d8 -1 0004a075 -74585.891 99657.273 7287.206 0.76001 2508 110 0
00090f5e 2 0004a075 -74466.133 100546.281 7567.435 0.69702 2508 110 0
00090fd5 3 0004a075 -75325.398 99574.016 7095.731 1.13306 2508 110 0
00090fd6 2 0003e0d1 -76118.164 100860.039 7519.467 0.65564 2509 113 0
00090f9d -1 00038599 -69644.813 99893.023 7403.436 0.89001 2487 113 0
00090f9f -1 00038599 -70621.328 99918.773 7400.998 0.77002 2487 113 0
00090fa0 -1 00038599 -70720.078 100144.531 7420.369 1.03003 2487 113 0
00090f5c 2 000393cd -73128.617 99921.773 7248.266 0.69995 2489 110 0
00090fa4 -1 00049532 -70085.070 99540.266 7428.737 0.93005 2491 113 0
000562dd -1 0003e08d -72270.102 100723.039 7538.839 1.07996 2493 113 0
00090fa1 -1 0003e08d -70621.328 99170.016 7329.573 1.06006 2493 113 0
000562d9 4 000503b6 -73264.617 100379.281 7540.881 0.80554 2497 110 0
00090f71 4 000503b6 -70429.078 101487.547 7594.054 0.76758 2497 110 0
00090f8b 4 000503b6 -70987.836 100190.531 7423.598 0.62317 2497 110 0
000562d9 2 000531ae -73298.617 100447.781 7434.865 0.94336 2499 110 0
00090f5b 4 000531ae -73061.617 100098.781 7144.226 0.71997 2499 110 0
00090f71 2 000531ae -70386.328 101423.797 7495.747 0.89893 2499 110 0
00090f72 2 000531ae -69648.063 102066.055 7760.030 0.60522 2499 110 0
00090f8b 2 000531ae -70956.586 100242.531 7342.751 0.72986 2499 110 0
00090fa9 -1 000531ae -71829.594 99336.516 7432.756 0.90002 2499 110 0
00090ffd -1 000531ae -72243.102 100660.289 7546.086 0.90002 2499 110 0
00090fff -1 000531ae -71820.344 101904.055 7714.303 0.90002 2499 110 0
00090f5b 6 000531b3 -73029.617 100467.031 7222.766 0.96997 2500 113 0
00090fa8 -1 000531b3 -71892.844 99550.266 7490.805 0.98999 2500 113 0
000562dc -1 0003e08f -72299.352 100671.539 7433.020 0.76001 2502 113 0
00090fa6 -1 0003e08f -70537.078 99283.766 7332.802 0.72998 2502 113 0
00090faa -1 0003e08f -71988.352 99230.766 7429.264 0.58997 2502 113 0
000562d9 8 0004a073 -73298.117 100410.031 7270.009 0.75256 2504 110 0
00090f5b 2 0004a073 -72963.359 99968.773 7158.063 1.00000 2504 110 0
00090f5d 1 0004a073 -72489.609 99119.266 7375.762 0.77283 2504 110 0
00090f70 1 0004a073 -70816.078 102255.563 7995.981 0.57959 2504 110 0
00090f71 8 0004a073 -70383.828 101457.047 7338.073 0.71704 2504 110 0
00090f74 1 0004a073 -72297.602 102126.055 7817.420 1.08557 2504 110 0
00090f76 1 0004a073 -70765.578 99437.266 6874.342 1.12195 2504 110 0
00090f82 1 0004a073 -70765.578 99437.266 6874.342 1.12195 2504 110 0
00090f8b 8 0004a073 -70978.836 100227.781 7214.596 0.58215 2504 110 0
00052ce2 -1 0004a074 -73186.617 101293.797 7498.778 1.01001 2506 110 0
00056323 1 0004a074 -72180.852 98712.258 7238.646 0.84595 2506 110 0
00056323 2 0004a074 -72071.352 98671.008 6933.511 0.94495 2506 110 0
00090fab -1 0004a074 -71591.094 99017.508 6950.642 0.85999 2506 110 0
000562d9 3 0004a075 -73279.617 100593.781 7328.519 0.81616 2508 110 0
00090f5a 1 0004a075 -73642.625 99087.266 7278.311 1.01917 2508 110 0
00090f5d 2 0004a075 -72549.859 99011.258 7260.191 0.71399 2508 110 0
00090f70 2 0004a075 -70869.828 102182.063 7907.293 0.53552 2508 110 0
00090f71 3 0004a075 -70387.328 101282.047 7396.649 0.77771 2508 110 0
00090f72 3 0004a075 -69742.063 102063.805 7691.308 0.52356 2508 110 0
00090f74 2 0004a075 -72452.609 102047.305 7655.002 1.00305 2508 110 0
00090f75 1 0004a075 -69698.563 100189.781 7319.756 0.79382 2508 110 0
00090f88 1 0004a075 -71009.836 101744.555 7460.760 0.85120 2508 110 0
00090f88 2 0004a075 -71219.836 101843.805 7418.195 0.98560 2508 110 0
00090f8a 1 0004a075 -69735.063 99243.516 7242.270 0.43921 2508 110 0
00090f8b 3 0004a075 -70852.828 100293.531 7262.827 0.63135 2508 110 0
00090fa5 1 0004a075 -70743.328 99034.258 7155.032 0.43921 2508 110 0
00090fa7 -1 0003e0d1 -71706.094 99102.766 7331.418 0.96997 2509 113 0
00052c21 -1 0001f785 -65856.008 98600.008 7416.021 1.00000 2429 95 0
0018c23f -1 000d9ca8 -67456.031 99344.016 7383.998 0.92004 2477 105 0
000680b9 1 00038599 -65846.008 100939.539 7921.460 0.69690 2487 113 0
000680bb 2 00038599 -65886.258 100814.539 7847.004 0.60205 2487 113 0
00052d4a -1 000393cd -66475.516 99973.023 7549.776 0.87000 2489 110 0
000680b7 1 000393cd -66658.266 99578.766 7443.431 1.04944 2489 110 0
000680bb 1 000393cd -65895.258 100734.539 7653.553 1.13403 2489 110 0
00052d4b -1 00049532 -66442.266 99744.523 7542.858 0.83997 2491 113 0
000680b8 4 0003e08d -65685.000 100135.531 7822.757 0.63513 2493 113 0
000680bc 3 0003e08d -68515.047 102229.313 8009.422 0.74878 2493 113 0
000680ba 1 0004d93b -65684.250 100973.539 7968.242 0.52356 2495 110 0
000680bc 1 0004d93b -68586.047 102141.813 8000.923 0.69116 2495 110 0
00211c72 -1 0004d93b -66562.766 102258.563 7967.253 1.00000 2495 110 0
00090f72 4 000503b6 -69607.313 102095.805 7827.106 0.51685 2497 110 0
000680b7 3 000531ae -66648.516 99756.023 7458.454 0.78442 2499 110 0
000680b7 4 000531b3 -66618.516 99729.023 7416.943 1.02820 2500 113 0
000680ba 4 000531b3 -65589.000 101033.039 7959.676 0.50317 2500 113 0
000680b8 3 0003e08f -65637.750 100104.031 7759.372 0.64966 2502 113 0
0002c595 -1 0004a073 -67544.281 100595.031 7240.556 0.60999 2504 110 0
0002c599 -1 0004a073 -66515.016 100353.781 7086.704 0.98999 2504 110 0
0002c5a3 -1 0004a073 -66229.258 101221.297 7319.492 1.00000 2504 110 0
00090f72 8 0004a073 -69623.313 102065.055 7654.409 0.48279 2504 110 0
0002c580 1 0004a074 -67603.781 101766.805 7800.289 0.77075 2506 110 0
0002c580 2 0004a074 -67560.281 101687.305 7516.700 0.86096 2506 110 0
0002c582 1 0004a074 -65913.758 101504.547 7922.250 0.71436 2506 110 0
0002c582 2 0004a074 -65882.508 101586.797 7660.734 0.79797 2506 110 0
0002c583 1 0004a074 -67884.539 100515.031 7475.980 0.79895 2506 110 0
0002c583 2 0004a074 -67820.281 100594.281 7184.682 0.89246 2506 110 0
0002c592 -1 0004a074 -68073.289 100746.539 7107.328 0.89001 2506 110 0
0002c59c -1 0004a074 -67307.281 101571.547 7378.859 0.85999 2506 110 0
0002c5a7 -1 0004a074 -67562.531 99379.766 7089.603 0.87000 2506 110 0
00090f89 1 0004a074 -68815.797 101252.297 7711.931 0.69556 2506 110 0
00090f89 2 0004a074 -68888.547 101293.547 7456.608 0.77698 2506 110 0
00211c82 -1 0004a074 -66501.266 102323.063 7608.221 1.06006 2506 110 0
0002c5a9 -1 0004a075 -69136.805 100502.281 7186.988 0.83997 2508 110 0
000680ba 3 0003e0d1 -65609.500 101050.039 7994.927 0.47595 2509 113 0
000680bc 2 0003e0d1 -68447.797 102176.563 7993.082 0.53760 2509 113 0
